 -9.9909287E+03  1.1000001E-16
 -9.9392158E+03  2.5100000E-18
 -9.8875205E+03  9.0800000E-17
 -9.8358428E+03  1.1100002E-16
 -9.7841484E+03  2.6400003E-18
 -9.7324531E+03  8.1999996E-17
 -9.6807578E+03  9.0599987E-17
 -9.6290449E+03  8.7699998E-17
 -9.5773496E+03  8.1299996E-17
 -9.5256553E+03  1.0100000E-17
 -9.4739600E+03  1.4100000E-16
 -9.4222822E+03  1.1900000E-16
 -9.3705879E+03  5.9299991E-18
 -9.3189102E+03  3.7500001E-17
 -9.2672148E+03  3.7399999E-17
 -9.2155020E+03  3.3799999E-17
 -9.1638066E+03  6.1200003E-17
 -9.1121123E+03  7.1000002E-17
 -9.0604170E+03  1.2100001E-16
 -9.0087393E+03  8.7400003E-17
 -8.9570449E+03  8.5399999E-17
 -8.9053320E+03  9.6499995E-17
 -8.8536367E+03  8.4900005E-17
 -8.8019414E+03  1.2700000E-16
 -8.7502461E+03  7.9900009E-17
 -8.6985518E+03  1.5500000E-16
 -8.6468389E+03  7.7000007E-17
 -8.5951787E+03  2.5000002E-18
 -8.5434658E+03  3.3300002E-16
 -8.4917715E+03  8.3100000E-17
 -8.4400762E+03  3.5699996E-16
 -8.3883809E+03  2.5299998E-16
 -8.3366855E+03  3.0600000E-16
 -8.2849727E+03  1.3300000E-16
 -8.2332773E+03  1.5900001E-16
 -8.1816006E+03  6.8299999E-17
 -8.1299053E+03  2.0299997E-16
 -8.0782104E+03  2.0299997E-16
 -8.0265151E+03  1.3100000E-16
 -7.9748022E+03  2.6600000E-16
 -7.9231074E+03  2.6699998E-16
 -7.8714121E+03  2.1900000E-16
 -7.8197168E+03  4.2699998E-16
 -7.7680400E+03  4.7499998E-16
 -7.7163447E+03  2.1000001E-16
 -7.6646318E+03  4.2300002E-16
 -7.6129365E+03  1.5900001E-16
 -7.5612417E+03  2.7500002E-16
 -7.5095464E+03  8.1599998E-17
 -7.4578516E+03  9.2399992E-17
 -7.4061387E+03  9.5100002E-17
 -7.3544614E+03  6.0899999E-19
 -7.3027485E+03  2.1900000E-16
 -7.2510532E+03  5.2500002E-17
 -7.1993579E+03  6.5100001E-17
 -7.1476450E+03  7.6700005E-17
 -7.0959502E+03  6.6500001E-17
 -7.0442549E+03  4.6800006E-17
 -6.9925601E+03  3.4599999E-17
 -6.9408828E+03  1.6300000E-16
 -6.8891875E+03  1.2600000E-16
 -6.8374746E+03  8.9800011E-17
 -6.7857798E+03  1.9800000E-16
 -6.7340845E+03  1.4100000E-17
 -6.6823896E+03  9.8300000E-17
 -6.6306943E+03  1.0399999E-16
 -6.5789814E+03  7.1500003E-17
 -6.5272861E+03  9.1800001E-17
 -6.4755913E+03  3.1099999E-17
 -6.4238960E+03  1.4100000E-16
 -6.3722012E+03  3.8900001E-17
 -6.3204883E+03  9.2999996E-17
 -6.2687930E+03  1.4000000E-16
 -6.2170981E+03  5.2200000E-17
 -6.1654028E+03  3.9599995E-17
 -6.1137256E+03  9.7399994E-17
 -6.0619946E+03  1.3400000E-16
 -6.0102998E+03  5.5599997E-17
 -5.9586045E+03  1.0800000E-16
 -5.9069097E+03  6.7999997E-17
 -5.8551968E+03  7.0200006E-17
 -5.8035015E+03  9.3600013E-17
 -5.7518066E+03  2.0799997E-17
 -5.7001294E+03  5.6400000E-17
 -5.6484160E+03  4.1100001E-17
 -5.5967031E+03  1.4300001E-16
 -5.5450083E+03  8.3699991E-17
 -5.4933130E+03  8.5700001E-17
 -5.4416182E+03  1.3000000E-16
 -5.3899229E+03  8.5300010E-17
 -5.3382100E+03  3.1600000E-17
 -5.2865151E+03  9.8100008E-17
 -5.2348198E+03  4.8399999E-17
 -5.1831245E+03  5.0899997E-17
 -5.1314297E+03  1.0199999E-16
 -5.0796987E+03  6.1900003E-17
 -5.0280039E+03  9.3099979E-17
 -4.9763086E+03  9.9399991E-17
 -4.9246313E+03  4.4799999E-17
 -4.8729365E+03  3.7399999E-17
 -4.8212056E+03  7.5600000E-17
 -4.7695103E+03  3.8500003E-17
 -4.7178154E+03  9.6300003E-17
 -4.6661025E+03  5.5000003E-17
 -4.6144072E+03  3.2700001E-17
 -4.5626943E+03  7.0200006E-17
 -4.5110171E+03  4.8000001E-17
 -4.4593223E+03  7.8100005E-17
 -4.4076089E+03  9.8399996E-17
 -4.3558960E+03  6.0200001E-17
 -4.3042012E+03  7.3299998E-18
 -4.2525059E+03  8.0800001E-17
 -4.2007930E+03  2.3500000E-16
 -4.1490801E+03  5.8100002E-17
 -4.0974028E+03  9.3600013E-17
 -4.0457078E+03  3.9100000E-17
 -3.9939949E+03  1.3700000E-16
 -3.9422817E+03  9.4499998E-17
 -3.8905867E+03  9.4600001E-17
 -3.8388916E+03  1.3700000E-16
 -3.7871609E+03  8.0700005E-17
 -3.7354658E+03  7.0000001E-17
 -3.6837886E+03  1.5900001E-16
 -3.6320935E+03  2.3099998E-17
 -3.5803625E+03  3.7200000E-17
 -3.5286675E+03  9.2000000E-17
 -3.4769724E+03  6.6599997E-17
 -3.4252417E+03  7.3199998E-17
 -3.3735466E+03  1.2700000E-16
 -3.3218516E+03  7.1299998E-17
 -3.2701565E+03  1.4300001E-16
 -3.2184434E+03  1.1300001E-16
 -3.1667483E+03  1.3100000E-16
 -3.1150354E+03  1.0000002E-16
 -3.0633403E+03  3.1099999E-17
 -3.0116274E+03  8.8300002E-17
 -2.9599143E+03  1.4100000E-16
 -2.9082192E+03  1.0700001E-16
 -2.8565063E+03  1.3000000E-16
 -2.8048113E+03  1.8999999E-16
 -2.7531162E+03  1.1300001E-16
 -2.7014033E+03  1.4500000E-16
 -2.6496902E+03  7.9000004E-17
 -2.5979773E+03  4.9100005E-17
 -2.5462822E+03  1.4600000E-16
 -2.4945693E+03  1.0300000E-17
 -2.4428743E+03  1.9100001E-16
 -2.3911792E+03  1.6100003E-16
 -2.3394482E+03  7.2200003E-17
 -2.2877532E+03  6.4200002E-17
 -2.2360581E+03  1.5500000E-16
 -2.1843452E+03  1.2799999E-16
 -2.1326323E+03  1.2299998E-16
 -2.0809192E+03  1.9299999E-16
 -2.0292421E+03  1.5400001E-16
 -1.9775112E+03  2.2400001E-16
 -1.9258162E+03  2.2400001E-16
 -1.8741031E+03  1.7500000E-16
 -1.8223903E+03  2.4000001E-16
 -1.7706772E+03  2.8600001E-16
 -1.7189822E+03  2.1100000E-16
 -1.6672513E+03  2.9600000E-16
 -1.6155742E+03  2.2300001E-16
 -1.5638612E+03  3.5200000E-16
 -1.5121661E+03  1.7100000E-16
 -1.4604353E+03  3.0700002E-16
 -1.4087402E+03  3.7299998E-16
 -1.3570094E+03  4.2000002E-16
 -1.3053143E+03  3.3399999E-16
 -1.2536193E+03  3.5100002E-16
 -1.2019242E+03  4.2199999E-16
 -1.1501934E+03  3.5999999E-16
 -1.0984982E+03  2.2799999E-16
 -1.0467853E+03  2.8999999E-16
 -9.9507233E+02  2.6800001E-16
 -9.4335938E+02  4.1400006E-16
 -8.9162854E+02  2.4000001E-16
 -8.3995129E+02  4.7800002E-16
 -7.8823834E+02  4.2899998E-16
 -7.3654327E+02  4.1300000E-16
 -6.8481244E+02  3.0700002E-16
 -6.3309949E+02  4.6100001E-16
 -5.8140442E+02  4.3199999E-16
 -5.2967358E+02  3.6199996E-16
 -4.7797852E+02  5.1100000E-16
 -4.2628342E+02  4.3000001E-16
 -3.7455261E+02  3.4099998E-16
 -3.2285751E+02  3.0800003E-16
 -2.7112671E+02  5.0299998E-16
 -2.1941374E+02  4.2399994E-16
 -1.6771866E+02  6.0000002E-16
 -1.1598783E+02  6.9400003E-16
 -6.4274879E+01  5.5899992E-16
 -1.2597662E+01  3.6300002E-16
  3.9133163E+01  5.1800003E-16
  9.0846115E+01  3.4300004E-16
  1.4255907E+02  2.9400000E-16
  1.9427202E+02  3.8800001E-16
  2.4598499E+02  3.0199999E-16
  2.9769794E+02  2.1699997E-16
  3.4941089E+02  3.5999999E-16
  4.0112384E+02  3.4899997E-16
  4.5283679E+02  1.4500000E-16
  5.0454974E+02  6.5599997E-16
  5.5626270E+02  3.1400001E-16
  6.0797565E+02  1.7800002E-16
  6.5968860E+02  3.7599999E-16
  7.1140155E+02  3.7099998E-16
  7.6311450E+02  2.4100001E-16
  8.1482745E+02  1.5800001E-16
  8.6654041E+02  1.5900001E-16
  9.1825336E+02  5.5199999E-16
  9.6996637E+02  4.1599996E-16
  1.0216793E+03  3.1700004E-16
  1.0733922E+03  2.1599999E-16
  1.1251410E+03  3.8400000E-16
  1.1768181E+03  2.6499998E-16
  1.2285311E+03  3.4099998E-16
  1.2802440E+03  4.0399999E-16
  1.3319570E+03  1.3100000E-16
  1.3837057E+03  3.0700002E-16
  1.4354187E+03  2.2099999E-16
  1.4870958E+03  2.9400000E-16
  1.5388446E+03  3.9100002E-16
  1.5905575E+03  2.5999999E-16
  1.6422705E+03  2.2200004E-16
  1.6939834E+03  2.9400000E-16
  1.7456964E+03  2.0500004E-16
  1.7974093E+03  2.7599999E-16
  1.8491581E+03  2.2000001E-16
  1.9008710E+03  2.1900000E-16
  1.9525840E+03  1.8299999E-16
  2.0042611E+03  2.8000000E-16
  2.0559741E+03  3.4099998E-16
  2.1077229E+03  4.5200002E-16
  2.1594358E+03  1.7000000E-16
  2.2111487E+03  1.6900001E-16
  2.2628616E+03  2.5699999E-16
  2.3146104E+03  2.7300002E-16
  2.3663232E+03  3.1000000E-16
  2.4180005E+03  1.7800002E-16
  2.4697493E+03  1.9699998E-16
  2.5214622E+03  2.5900002E-16
  2.5731750E+03  2.9499998E-16
  2.6248882E+03  3.8599998E-16
  2.6766367E+03  2.5000000E-16
  2.7283499E+03  1.4900000E-16
  2.7800627E+03  3.7099998E-16
  2.8317756E+03  1.6399999E-16
  2.8834885E+03  2.0199999E-16
  2.9352017E+03  2.5000000E-16
  2.9869502E+03  1.7899999E-16
  3.0386631E+03  3.0399999E-16
  3.0904119E+03  1.6100003E-16
  3.1421248E+03  2.2400001E-16
  3.1938379E+03  2.2300001E-16
  3.2455508E+03  2.1500000E-16
  3.2972637E+03  1.4200000E-16
  3.3489766E+03  7.4399999E-17
  3.4007253E+03  1.7100000E-16
  3.4524382E+03  2.0500004E-16
  3.5041870E+03  2.4499999E-16
  3.5558999E+03  1.5000001E-16
  3.6076128E+03  1.1500000E-16
  3.6593259E+03  1.2100001E-16
  3.7110388E+03  1.7600000E-16
  3.7627517E+03  1.3200000E-16
  3.8145005E+03  1.4900000E-16
  3.8662493E+03  2.4499999E-16
  3.9179622E+03  1.7899999E-16
  3.9696750E+03  9.6300003E-17
  4.0213879E+03  1.4100000E-16
  4.0731367E+03  1.4500000E-16
  4.1248496E+03  2.5799999E-16
  4.1765625E+03  1.7600000E-16
  4.2282754E+03  1.2700000E-16
  4.2800244E+03  1.7500000E-16
  4.3317373E+03  4.3899991E-17
  4.3834858E+03  7.3399997E-17
  4.4351631E+03  1.8799999E-16
  4.4869116E+03  1.3400000E-16
  4.5386250E+03  2.1000001E-16
  4.5903735E+03  1.7999999E-16
  4.6421221E+03  8.8799996E-17
  4.6938350E+03  1.3100000E-16
  4.7455479E+03  9.7099999E-17
  4.7972969E+03  1.2799999E-16
  4.8490098E+03  8.8100003E-17
  4.9007227E+03  1.1500000E-16
  4.9524712E+03  8.0500013E-17
  5.0041841E+03  1.1000001E-16
  5.0558975E+03  1.4700000E-16
  5.1076460E+03  7.7899986E-17
  5.1593589E+03  1.1700000E-16
  5.2111074E+03  7.4900000E-17
  5.2628208E+03  2.7599999E-16
  5.3145337E+03  1.8999999E-16
  5.3662822E+03  1.1600000E-16
  5.4179951E+03  1.2899999E-16
  5.4697437E+03  2.4800001E-17
  5.5214927E+03  1.3100000E-16
  5.5732056E+03  1.5300000E-16
  5.6249541E+03  8.6500004E-17
  5.6766670E+03  1.0500000E-16
  5.7283799E+03  1.6000001E-16
  5.7801289E+03  8.5800010E-17
  5.8318418E+03  5.1699993E-17
  5.8835903E+03  1.4800000E-16
  5.9353032E+03  7.4300010E-17
  5.9870522E+03  1.6500002E-16
  6.0388008E+03  1.5200000E-16
  6.0905137E+03  1.4900000E-16
  6.1422266E+03  1.5600000E-16
  6.1939756E+03  5.9800003E-17
  6.2457241E+03  1.3100000E-16
  6.2974370E+03  7.1400000E-17
  6.3491855E+03  7.4000001E-17
  6.4008989E+03  1.4500000E-16
  6.4526475E+03  1.6500002E-16
