381
3604
 -9.9815469E+03  3.9288702E-16
 -9.9318896E+03  4.0788694E-16
 -9.8822314E+03  3.9663699E-16
 -9.8325908E+03  6.1488695E-16
 -9.7829326E+03  4.6263695E-16
 -9.7332930E+03  6.4038698E-16
 -9.6836523E+03  2.7138697E-16
 -9.6340127E+03  3.8913699E-16
 -9.5843545E+03  2.9388695E-16
 -9.5346963E+03  3.8763698E-16
 -9.4850566E+03  4.4088695E-16
 -9.4353984E+03  4.4913700E-16
 -9.3857578E+03  3.0213700E-16
 -9.3361006E+03  3.4788699E-16
 -9.2864775E+03  1.1163696E-16
 -9.2368203E+03  1.0788697E-16
 -9.1871797E+03  2.4288696E-16
 -9.1375215E+03  6.1263696E-16
 -9.0878457E+03  3.7563693E-16
 -9.0381875E+03  2.8413696E-16
 -8.9885479E+03  2.3013697E-16
 -8.9388896E+03  2.8638695E-16
 -8.8892676E+03  2.3688698E-16
 -8.8396094E+03  2.5113698E-16
 -8.7899697E+03  1.5588698E-16
 -8.7403115E+03  1.1463698E-16
 -8.6906709E+03  2.9538699E-16
 -8.6409951E+03  2.3013697E-16
 -8.5913369E+03  5.4663689E-16
 -8.5416787E+03  2.8488699E-16
 -8.4920566E+03  3.6738699E-16
 -8.4424170E+03  2.1663696E-16
 -8.3927588E+03  2.7138697E-16
 -8.3430830E+03 -2.1713026E-17
 -8.2934248E+03  4.9413689E-16
 -8.2437852E+03  2.0463698E-16
 -8.1941270E+03  2.5188695E-16
 -8.1444863E+03  1.3788696E-16
 -8.0948286E+03  1.7613697E-16
 -8.0451719E+03  1.5888696E-16
 -7.9955303E+03  6.2886975E-17
 -7.9458730E+03  2.1888699E-16
 -7.8961963E+03  1.1613697E-16
 -7.8465557E+03  1.9713698E-16
 -7.7968984E+03  2.6313693E-16
 -7.7472764E+03  1.8738698E-16
 -7.6976001E+03  2.4369764E-18
 -7.6479419E+03  2.4288696E-16
 -7.5983018E+03  3.0138698E-16
 -7.5486260E+03  1.5213698E-16
 -7.4989683E+03  1.3713699E-16
 -7.4493281E+03  2.0388696E-16
 -7.3996528E+03  4.0236977E-17
 -7.3500298E+03  2.7138697E-16
 -7.3003716E+03  9.0369747E-18
 -7.2506958E+03  2.9961977E-17
 -7.2010557E+03  2.6088699E-16
 -7.1513975E+03  1.9263698E-16
 -7.1017212E+03  1.5438695E-16
 -7.0520640E+03  1.5663700E-16
 -7.0024058E+03  2.1963698E-16
 -6.9527656E+03  5.8386967E-17
 -6.9031255E+03  2.2188696E-16
 -6.8534492E+03  1.8588697E-16
 -6.8037910E+03  2.4138697E-16
 -6.7541162E+03  1.0386971E-17
 -6.7044761E+03  3.3963702E-16
 -6.6547998E+03  1.9413699E-16
 -6.6051416E+03  3.8619772E-18
 -6.5555015E+03  1.6638693E-16
 -6.5058433E+03  1.6686976E-17
 -6.4561675E+03  2.4738696E-16
 -6.4065264E+03  5.9886976E-17
 -6.3568516E+03  3.8586973E-17
 -6.3071938E+03  1.1688697E-16
 -6.2575176E+03  1.9638696E-16
 -6.2078774E+03  4.1463695E-16
 -6.1582188E+03  1.4313699E-16
 -6.1085791E+03  3.9663699E-16
 -6.0589033E+03  1.0338696E-16
 -6.0092275E+03  2.4936974E-17
 -5.9595693E+03  2.0913697E-16
 -5.9098936E+03  1.0263697E-16
 -5.8602534E+03  9.6636963E-17
 -5.8105776E+03  2.6013697E-16
 -5.7609194E+03  8.2386977E-17
 -5.7112793E+03  1.3938700E-16
 -5.6616040E+03  3.2313698E-16
 -5.6119277E+03  1.8213698E-16
 -5.5622876E+03  2.8413696E-16
 -5.5126118E+03  6.5136959E-17
 -5.4629355E+03  5.1888698E-16
 -5.4132954E+03  5.0886987E-17
 -5.3636377E+03  4.7913700E-16
 -5.3139619E+03  5.4513701E-16
 -5.2643037E+03  4.4388695E-16
 -5.2146279E+03  1.5438695E-16
 -5.1649521E+03  2.8713700E-16
 -5.1152939E+03  2.1588698E-16
 -5.0656362E+03  1.2888698E-16
 -5.0159780E+03  1.7463696E-16
 -4.9663198E+03  4.0338695E-16
 -4.9166440E+03  1.2588696E-16
 -4.8669858E+03  3.1713697E-16
 -4.8173101E+03  5.9538698E-16
 -4.7676343E+03  6.0963693E-16
 -4.7179761E+03  3.4188703E-16
 -4.6683003E+03  4.4463698E-16
 -4.6186421E+03  2.1963698E-16
 -4.5690020E+03  5.6013701E-16
 -4.5193262E+03  5.9838701E-16
 -4.4696504E+03  3.9213697E-16
 -4.4199746E+03  2.6838697E-16
 -4.3702983E+03  5.9838701E-16
 -4.3206226E+03  4.0788694E-16
 -4.2709468E+03  1.6413693E-16
 -4.2213066E+03  3.9738694E-16
 -4.1716309E+03  6.9963693E-16
 -4.1219727E+03  6.1488695E-16
 -4.0723147E+03  7.9263697E-16
 -4.0226389E+03  2.4063698E-16
 -3.9729629E+03  5.1963698E-16
 -3.9232874E+03  5.4363692E-16
 -3.8736113E+03  4.7688696E-16
 -3.8239709E+03  6.1488695E-16
 -3.7742949E+03  3.9363694E-16
 -3.7246194E+03  4.1688698E-16
 -3.6749434E+03  7.0413695E-16
 -3.6252673E+03  5.2188696E-16
 -3.5755916E+03  4.0788694E-16
 -3.5259336E+03  9.7263703E-16
 -3.4762578E+03  5.4213698E-16
 -3.4265820E+03  3.6888706E-16
 -3.3769060E+03  8.6763708E-16
 -3.3272300E+03  6.2463704E-16
 -3.2775544E+03  1.0176370E-15
 -3.2278779E+03  8.6763708E-16
 -3.1782202E+03  5.3238694E-16
 -3.1285447E+03  5.4063704E-16
 -3.0788865E+03  4.2213697E-16
 -3.0291926E+03  6.1338696E-16
 -2.9795171E+03  5.1438702E-16
 -2.9298406E+03  8.3013692E-16
 -2.8801650E+03  4.3863699E-16
 -2.8305068E+03  8.3013692E-16
 -2.7808311E+03  5.0013701E-16
 -2.7311372E+03  7.5513702E-16
 -2.6814792E+03  5.9538698E-16
 -2.6318035E+03  4.9488699E-16
 -2.5821274E+03  1.0476370E-15
 -2.5324338E+03  1.1376370E-15
 -2.4827578E+03  1.0776370E-15
 -2.4330999E+03  1.3551369E-15
 -2.3834060E+03  1.5351373E-15
 -2.3337302E+03  9.6513708E-16
 -2.2840723E+03  9.7263703E-16
 -2.2343962E+03  1.2351370E-15
 -2.1847026E+03  1.3701372E-15
 -2.1350266E+03  1.1226371E-15
 -2.0853330E+03  1.1151370E-15
 -2.0356570E+03  1.2726368E-15
 -1.9859810E+03  1.6476371E-15
 -1.9362872E+03  1.3926369E-15
 -1.8866472E+03  1.4076374E-15
 -1.8369714E+03  1.6101371E-15
 -1.7872775E+03  1.6701370E-15
 -1.7376019E+03  1.3776369E-15
 -1.6879082E+03  1.7151369E-15
 -1.6382319E+03  1.7301369E-15
 -1.5885383E+03  1.6026372E-15
 -1.5388804E+03  1.9551371E-15
 -1.4891866E+03  1.8501370E-15
 -1.4395106E+03  1.7901368E-15
 -1.3898169E+03  1.7376370E-15
 -1.3401410E+03  1.7376370E-15
 -1.2904473E+03  2.1351369E-15
 -1.2407893E+03  1.4301370E-15
 -1.1910776E+03  2.1501368E-15
 -1.1414375E+03  1.7376370E-15
 -1.0917438E+03  1.8276368E-15
 -1.0420499E+03  2.1501368E-15
 -9.9237402E+02  1.9851371E-15
 -9.4268036E+02  1.9926370E-15
 -8.9300439E+02  2.2026370E-15
 -8.4331073E+02  1.9101368E-15
 -7.9361694E+02  1.9926370E-15
 -7.4395892E+02  1.8651369E-15
 -6.9426520E+02  1.8876371E-15
 -6.4457141E+02  2.5551367E-15
 -5.9489551E+02  1.9326370E-15
 -5.4520178E+02  1.9626370E-15
 -4.9550803E+02  2.0901372E-15
 -1.4768750E+02        0.0E+00
  2.0013304E+02  1.7676370E-15
  2.4980893E+02  1.5201370E-15
  2.9952057E+02  1.8726370E-15
  3.4919644E+02  1.9101368E-15
  3.9887231E+02  1.7526368E-15
  4.4854825E+02  1.3401370E-15
  4.9825986E+02  1.7676370E-15
  5.4793573E+02  1.2801369E-15
  8.4611609E+02        0.0E+00
  1.1442965E+03  1.2801369E-15
  1.1939724E+03  1.0626369E-15
  1.2436483E+03  1.4151369E-15
  1.2933600E+03  1.2351370E-15
  1.3430356E+03  1.0251371E-15
  1.3927832E+03  1.4826370E-15
  1.4424591E+03  1.1076370E-15
  1.4921707E+03  9.2013708E-16
  1.5418466E+03  9.1263703E-16
  1.5915222E+03  7.4013702E-16
  1.6412343E+03  1.1451372E-15
  1.6909457E+03  1.2951369E-15
  1.7406216E+03  7.3263691E-16
  1.7903331E+03  1.6551371E-15
  1.8400448E+03  1.2501371E-15
  1.8897565E+03  1.1226371E-15
  1.9394324E+03  9.7263703E-16
  1.9891439E+03  1.2951369E-15
  2.0388201E+03  1.1601370E-15
  2.0885315E+03  1.0701370E-15
  2.1382432E+03  6.3063699E-16
  2.1879548E+03  1.2051371E-15
  2.2376306E+03  1.0701370E-15
  2.2873423E+03  9.0513708E-16
  2.3370181E+03  1.1601370E-15
  2.3867297E+03  7.9263697E-16
  2.4364414E+03  7.3263691E-16
  2.4861172E+03  9.2013708E-16
  2.5358645E+03  1.0401371E-15
  2.5855405E+03  4.7988694E-16
  2.6352522E+03  7.4763697E-16
  2.6849639E+03  6.7263696E-16
  2.7346396E+03  1.0176370E-15
  2.7843513E+03  8.5263697E-16
  2.8340630E+03  7.6263686E-16
  2.8837744E+03  1.1376370E-15
  2.9334861E+03  5.8638704E-16
  2.9831978E+03  5.5113697E-16
  3.0329094E+03  7.5513702E-16
  3.0825854E+03  5.4213698E-16
  3.1322964E+03  3.9588703E-16
  3.1820085E+03  5.4588701E-16
  3.2317202E+03  2.7513695E-16
  3.2814312E+03  4.7688696E-16
  3.3311433E+03  8.5263697E-16
  3.3808547E+03  7.3263691E-16
  3.4305312E+03  3.5313701E-16
  3.4802427E+03  9.5013697E-16
  3.5299539E+03  7.7763691E-16
  3.5796658E+03  5.8188702E-16
  3.6293774E+03  3.0138698E-16
  3.6790894E+03  6.6663706E-16
  3.7288005E+03  5.8713703E-16
  3.7785120E+03  4.7988694E-16
  3.8282239E+03  4.1538697E-16
  3.8779353E+03  4.7088695E-16
  3.9276472E+03  5.8863697E-16
  3.9773586E+03  5.8713703E-16
  4.0270710E+03  3.9213697E-16
  4.0767820E+03  6.7188686E-16
  4.1264937E+03  2.9238699E-16
  4.1762051E+03  3.9513693E-16
  4.2259170E+03  4.3713698E-16
  4.2756284E+03  8.9013697E-16
  4.3253403E+03  4.3563699E-16
  4.3750518E+03  3.2763703E-16
  4.4247632E+03  4.0413692E-16
  4.4744751E+03  7.6263686E-16
  4.5242222E+03  4.5738699E-16
  4.5739341E+03  4.4913700E-16
  4.6236099E+03  4.1838695E-16
  4.6733213E+03  5.5488694E-16
  4.7230688E+03  5.0313699E-16
  4.7727803E+03  3.5463702E-16
  4.8224922E+03  3.7263698E-16
  4.8722036E+03  2.7438701E-16
  4.9219155E+03  3.0288696E-16
  4.9716626E+03  1.6836978E-17
  5.0213740E+03  4.9488699E-16
  5.0710854E+03  2.2038696E-16
  5.1207974E+03  3.7113699E-16
  5.1705093E+03  4.0038697E-16
  5.2202207E+03  5.2638698E-16
  5.2699688E+03  8.1513707E-16
  5.3196802E+03  9.8886961E-17
  5.3693916E+03  2.9163702E-16
  5.4191030E+03  1.8438696E-16
  5.4688145E+03  1.3113694E-16
  5.5185620E+03  4.3188699E-16
  5.5682734E+03  2.8413696E-16
  5.6179854E+03  2.8113696E-16
  5.6677324E+03  3.5838700E-16
  5.7174443E+03  2.6913696E-16
  5.7671558E+03  6.5136959E-17
  5.8169033E+03  1.5513697E-16
  5.8666147E+03  2.1513697E-16
  5.9163267E+03  2.7663696E-16
  5.9660737E+03  2.7963694E-16
  6.0157861E+03  1.3263697E-16
  6.0655327E+03  3.6513690E-16
  6.1152446E+03  2.0313696E-16
  6.1649561E+03  6.4386978E-17
  6.2146675E+03  1.3263697E-16
  6.2644146E+03  8.8386975E-17
  6.3141265E+03  4.7136970E-17
  6.3638740E+03  1.9788699E-16
  6.4135854E+03  1.8363698E-16
  6.4633330E+03  3.8088695E-16
  6.5130444E+03  1.6713696E-16
  6.5627559E+03  2.3088697E-16
  6.6125034E+03  3.5838700E-16
  6.6622158E+03  9.6636963E-17
  6.7119629E+03  3.2463700E-16
  6.7616748E+03  1.8636968E-17
  6.8114219E+03  1.7163693E-16
  6.8611689E+03  2.3688698E-16
  6.9108442E+03  5.2338695E-16
  6.9605923E+03  2.3838697E-16
  7.0103408E+03 -6.0380260E-18
  7.0600518E+03  3.1413699E-16
  7.1097983E+03  9.5136974E-17
  7.1595459E+03  2.1963698E-16
  7.2092935E+03  1.4838698E-16
  7.2590039E+03  5.0136979E-17
  7.3087173E+03  1.7988697E-16
  7.3584639E+03  3.0963697E-16
  7.4082114E+03  8.6136964E-17
  7.4579233E+03  2.7813698E-16
  7.5076709E+03  4.3386976E-17
  7.5574180E+03  4.1838695E-16
  7.6071294E+03  1.5588698E-16
  7.6568408E+03  2.1588698E-16
  7.7065884E+03  2.7063698E-16
  7.7563359E+03  5.9886976E-17
  7.8060830E+03  4.5138693E-16
  7.8557944E+03  3.4413697E-16
  7.9055430E+03  1.0188696E-16
  7.9552896E+03  2.8113696E-16
  8.0050361E+03  7.7136974E-17
  8.0547476E+03  6.1386966E-17
  8.1044971E+03  9.5619763E-18
  8.1542446E+03  6.0888693E-16
  8.2039551E+03  5.8386967E-17
  8.2537373E+03  1.5438695E-16
  8.3034854E+03  1.2213698E-16
  8.3531963E+03  1.8261974E-17
  8.4029443E+03  1.3038700E-16
  8.4526553E+03  2.0313696E-16
  8.5024033E+03  5.4636977E-17
  8.5521504E+03 -2.1638024E-17
  8.6018975E+03  1.0536977E-17
  8.6516455E+03  2.4036977E-17
  8.7013926E+03  2.3088697E-16
  8.7511396E+03  1.4763700E-16
  8.8008877E+03  3.1113704E-16
  8.8505986E+03 -1.7888026E-17
  8.9003467E+03  1.7961977E-17
  8.9501289E+03  1.6461986E-17
  8.9998408E+03  3.0663696E-16
  9.0495879E+03  7.2636973E-17
  9.0993711E+03 -6.4880238E-18
  9.1490830E+03  4.7013701E-16
  9.1988301E+03  7.9119710E-18
  9.2485781E+03  2.7036972E-17
  9.2983252E+03 -2.3738022E-17
  9.3480723E+03  5.5386981E-17
  9.3978203E+03  4.0938698E-16
  9.4475674E+03  3.4461976E-17
  9.4973145E+03  6.8886973E-17
  9.5470615E+03  2.0619754E-18
  9.5968096E+03 -4.9130252E-18
  9.6465566E+03 -8.6302447E-19
  9.6963037E+03 -7.6880218E-18
  9.7460518E+03  4.7763696E-16
  9.7957988E+03 -1.1438026E-17
  9.8455820E+03  7.4886977E-17
  9.8953291E+03 -1.9988025E-17
  9.9450410E+03  2.3613696E-16
  9.9948242E+03  4.2411979E-17
