 -9.9973613E+03  3.3521400E-14
 -9.9920547E+03  3.2024506E-14
 -9.9867646E+03  3.3054451E-14
 -9.9814580E+03  3.2812372E-14
 -9.9761689E+03  3.3882497E-14
 -9.9708613E+03  3.2431330E-14
 -9.9655723E+03  3.3888453E-14
 -9.9602656E+03  3.0795834E-14
 -9.9549756E+03  3.1944760E-14
 -9.9496865E+03  3.2142058E-14
 -9.9443799E+03  2.7333330E-14
 -9.9390547E+03  3.0092119E-14
 -9.9337832E+03  3.0476144E-14
 -9.9284941E+03  3.1723190E-14
 -9.9231865E+03  2.9968578E-14
 -9.9178623E+03  3.1518618E-14
 -9.9125908E+03  3.1662217E-14
 -9.9073018E+03  3.4387606E-14
 -9.9019941E+03  3.2095725E-14
 -9.8966875E+03  3.1976558E-14
 -9.8913799E+03  3.4040807E-14
 -9.8861084E+03  3.1557341E-14
 -9.8807842E+03  3.3230790E-14
 -9.8754941E+03  3.1510324E-14
 -9.8701875E+03  3.4799353E-14
 -9.8649160E+03  3.1985147E-14
 -9.8595908E+03  3.6625071E-14
 -9.8543018E+03  3.2428070E-14
 -9.8489951E+03  2.9615131E-14
 -9.8436699E+03  2.7944676E-14
 -9.8383984E+03  3.5806908E-14
 -9.8331094E+03  3.5506811E-14
 -9.8277842E+03  3.0571442E-14
 -9.8224951E+03  3.3312396E-14
 -9.8171875E+03  2.8508852E-14
 -9.8118984E+03  3.4768253E-14
 -9.8065918E+03  3.2939153E-14
 -9.8013027E+03  3.0052729E-14
 -9.7959775E+03  3.3902280E-14
 -9.7907061E+03  3.2653381E-14
 -9.7853994E+03  3.3369104E-14
 -9.7800918E+03  3.1623731E-14
 -9.7747852E+03  3.0183718E-14
 -9.7694600E+03  3.1219808E-14
 -9.7641885E+03  2.9920595E-14
 -9.7588994E+03  2.9511190E-14
 -9.7535742E+03  2.7898805E-14
 -9.7482676E+03  3.3330835E-14
 -9.7429775E+03  3.5941858E-14
 -9.7376709E+03  3.2162769E-14
 -9.7323818E+03  3.7351561E-14
 -9.7270566E+03  3.8707546E-14
 -9.7217676E+03  3.6734223E-14
 -9.7164600E+03  3.8985308E-14
 -9.7111709E+03  4.2582870E-14
 -9.7058643E+03  3.9516235E-14
 -9.7005566E+03  3.7704337E-14
 -9.6952500E+03  3.7100809E-14
 -9.6899609E+03  3.7615961E-14
 -9.6846533E+03  3.8252069E-14
 -9.6793281E+03  3.6783368E-14
 -9.6740391E+03  3.8859087E-14
 -9.6687324E+03  3.8931796E-14
 -9.6634434E+03  3.8585756E-14
 -9.6581357E+03  4.1617541E-14
 -9.6528291E+03  3.9213370E-14
 -9.6475215E+03  3.6757273E-14
 -9.6422324E+03  3.7292218E-14
 -9.6369248E+03  3.8143164E-14
 -9.6316006E+03  4.1559878E-14
 -9.6263115E+03  4.0551584E-14
 -9.6210215E+03  3.7295918E-14
 -9.6157148E+03  3.5767769E-14
 -9.6103896E+03  3.6646874E-14
 -9.6051006E+03  3.8688271E-14
 -9.5997754E+03  3.5981577E-14
 -9.5945039E+03  3.9644703E-14
 -9.5891797E+03  3.8319029E-14
 -9.5838896E+03  3.4919492E-14
 -9.5785654E+03  3.8649436E-14
 -9.5732939E+03  3.8463763E-14
 -9.5679688E+03  3.7449034E-14
 -9.5626436E+03  3.6794735E-14
 -9.5573545E+03  3.8386009E-14
 -9.5520293E+03  3.9918464E-14
 -9.5467578E+03  3.9780418E-14
 -9.5414336E+03  4.0113492E-14
 -9.5361260E+03  3.9150734E-14
 -9.5308193E+03  3.9062541E-14
 -9.5255117E+03  3.9411254E-14
 -9.5202227E+03  3.9487765E-14
 -9.5148975E+03  3.8154132E-14
 -9.5096084E+03  3.7861932E-14
 -9.5042832E+03  3.8769901E-14
 -9.4990117E+03  3.8466324E-14
 -9.4936875E+03  4.0111882E-14
 -9.4883799E+03  4.0591228E-14
 -9.4830732E+03  3.9061832E-14
 -9.4777480E+03  3.7219868E-14
 -9.4724766E+03  3.6612216E-14
 -9.4671514E+03  4.3191142E-14
 -9.4618271E+03  4.3609203E-14
 -9.4565371E+03  3.9712831E-14
 -9.4512305E+03  4.0506772E-14
 -9.4459414E+03  3.9877078E-14
 -9.4406162E+03  3.5920160E-14
 -9.4352910E+03  3.9081839E-14
 -9.4300020E+03  4.0969286E-14
 -9.4246953E+03  3.7829416E-14
 -9.4193701E+03  3.7689734E-14
 -9.4140811E+03  3.9065271E-14
 -9.4087559E+03  4.3566086E-14
 -9.4034668E+03  3.9361889E-14
 -9.3981592E+03  3.7858537E-14
 -9.3928340E+03  3.7725746E-14
 -9.3875273E+03  3.8236572E-14
 -9.3822197E+03  3.8544095E-14
 -9.3769307E+03  3.9791284E-14
 -9.3716064E+03  3.8167088E-14
 -9.3662988E+03  4.3541556E-14
 -9.3609922E+03  4.0978099E-14
 -9.3556670E+03  4.0222074E-14
 -9.3503955E+03  3.7299770E-14
 -9.3450703E+03  4.0635159E-14
 -9.3397451E+03  4.0377308E-14
 -9.3344209E+03  4.1920816E-14
 -9.3291494E+03  3.7729548E-14
 -9.3238242E+03  3.7404606E-14
 -9.3185176E+03  3.7519870E-14
 -9.3131924E+03  3.9687515E-14
 -9.3078848E+03  4.1378735E-14
 -9.3025957E+03  4.0373375E-14
 -9.2972705E+03  4.1666709E-14
 -9.2919814E+03  4.1762749E-14
 -9.2866562E+03  4.0368167E-14
 -9.2813672E+03  3.9266703E-14
 -9.2760420E+03  4.1711704E-14
 -9.2707178E+03  4.4221805E-14
 -9.2654102E+03  4.0866345E-14
 -9.2601035E+03  4.1983117E-14
 -9.2547959E+03  4.0786337E-14
 -9.2494717E+03  3.9903099E-14
 -9.2441816E+03  3.9973060E-14
 -9.2388574E+03  4.0989852E-14
 -9.2335674E+03  3.8955123E-14
 -9.2282432E+03  3.6892740E-14
 -9.2229180E+03  3.9412548E-14
 -9.2176289E+03  4.0627722E-14
 -9.2123037E+03  4.1200953E-14
 -9.2069961E+03  4.3777102E-14
 -9.2016895E+03  4.0833066E-14
 -9.1963643E+03  4.0013304E-14
 -9.1910391E+03  4.1260788E-14
 -9.1857500E+03  3.9730534E-14
 -9.1804434E+03  3.8782644E-14
 -9.1751182E+03  4.0579607E-14
 -9.1698115E+03  4.3582674E-14
 -9.1644863E+03  4.3220663E-14
 -9.1591787E+03  4.1421033E-14
 -9.1538896E+03  4.3137457E-14
 -9.1485645E+03  4.1264586E-14
 -9.1432402E+03  4.0080586E-14
 -9.1379326E+03  4.2822157E-14
 -9.1326260E+03  4.1448351E-14
 -9.1273008E+03  3.9727234E-14
 -9.1219932E+03  4.1437509E-14
 -9.1166689E+03  3.9669555E-14
 -9.1113613E+03  3.6841854E-14
 -9.1060723E+03  4.1351915E-14
 -9.1007471E+03  4.3606920E-14
 -9.0954219E+03  4.2438180E-14
 -9.0901152E+03  4.2098622E-14
 -9.0848086E+03  3.9579024E-14
 -9.0794834E+03  4.1146194E-14
 -9.0741758E+03  3.9022994E-14
 -9.0688516E+03  4.0763843E-14
 -9.0635264E+03  4.1313592E-14
 -9.0582373E+03  4.0874862E-14
 -9.0529121E+03  4.2629494E-14
 -9.0475869E+03  4.3437964E-14
 -9.0422617E+03  4.2262116E-14
 -9.0369902E+03  4.1939901E-14
 -9.0316660E+03  4.3261927E-14
 -9.0263584E+03  4.0998634E-14
 -9.0210332E+03  4.1230115E-14
 -9.0157090E+03  4.4401633E-14
 -9.0104189E+03  4.0768041E-14
 -9.0050947E+03  3.9708657E-14
 -8.9997695E+03  4.2573960E-14
 -8.9944443E+03  4.0501429E-14
 -8.9891553E+03  4.0494595E-14
 -8.9838301E+03  3.8716890E-14
 -8.9785049E+03  3.9379260E-14
 -8.9731807E+03  4.2141614E-14
 -8.9678730E+03  4.3052025E-14
 -8.9625664E+03  4.4753494E-14
 -8.9572412E+03  4.1224291E-14
 -8.9519346E+03  3.9322712E-14
 -8.9466094E+03  3.8985359E-14
 -8.9413018E+03  4.0059098E-14
 -8.9359951E+03  4.0528592E-14
 -8.9306699E+03  4.2733246E-14
 -8.9253447E+03  4.2006597E-14
 -8.9200205E+03  4.1776854E-14
 -8.9146953E+03  4.1487454E-14
 -8.9093877E+03  4.5064433E-14
 -8.9040625E+03  4.4486963E-14
 -8.8987383E+03  4.3927799E-14
 -8.8934131E+03  4.0310979E-14
 -8.8881240E+03  4.3073567E-14
 -8.8827988E+03  4.2414819E-14
 -8.8774736E+03  4.2246663E-14
 -8.8721670E+03  4.2959078E-14
 -8.8668594E+03  4.4024690E-14
 -8.8615352E+03  4.4437259E-14
 -8.8562275E+03  4.0412094E-14
 -8.8509023E+03  4.3182485E-14
 -8.8455596E+03  4.2376191E-14
 -8.8402529E+03  4.2321175E-14
 -8.8349453E+03  4.3727158E-14
 -8.8296211E+03  4.3462497E-14
 -8.8242959E+03  4.2000725E-14
 -8.8189883E+03  4.0856604E-14
 -8.8136816E+03  4.1092540E-14
 -8.8083564E+03  4.3029152E-14
 -8.8030137E+03  4.7327651E-14
 -8.7976885E+03  4.7193067E-14
 -8.7923994E+03  4.4237912E-14
 -8.7870742E+03  4.5591965E-14
 -8.7817500E+03  4.4272247E-14
 -8.7764248E+03  4.1429591E-14
 -8.7711357E+03  4.4030175E-14
 -8.7657930E+03  4.1460186E-14
 -8.7604678E+03  4.5578287E-14
 -8.7551426E+03  4.5105531E-14
 -8.7498174E+03  4.3985865E-14
 -8.7445283E+03  4.3105632E-14
 -8.7392031E+03  4.1779765E-14
 -8.7338604E+03  4.4073259E-14
 -8.7285352E+03  4.2547566E-14
 -8.7232461E+03  4.6316575E-14
 -8.7179209E+03  4.3953004E-14
 -8.7125967E+03  4.6468238E-14
 -8.7072539E+03  4.6272072E-14
 -8.7019287E+03  4.2805013E-14
 -8.6966396E+03  4.1008304E-14
 -8.6913145E+03  4.4175574E-14
 -8.6859717E+03  4.6644410E-14
 -8.6806465E+03  4.5984968E-14
 -8.6753398E+03  4.5736208E-14
 -8.6700322E+03  4.5123427E-14
 -8.6646895E+03  4.5386719E-14
 -8.6593643E+03  4.5479418E-14
 -8.6540576E+03  4.5364784E-14
 -8.6487500E+03  4.6643116E-14
 -8.6434072E+03  4.3770546E-14
 -8.6380830E+03  4.4545588E-14
 -8.6327578E+03  4.4846617E-14
 -8.6274502E+03  4.4667778E-14
 -8.6221260E+03  4.2957500E-14
 -8.6168008E+03  4.6667639E-14
 -8.6114756E+03  4.7465710E-14
 -8.6061328E+03  4.9680224E-14
 -8.6008438E+03  4.9051376E-14
 -8.5955186E+03  4.5435376E-14
 -8.5901934E+03  4.6617068E-14
 -8.5848506E+03  4.8777280E-14
 -8.5795254E+03  4.4481217E-14
 -8.5742363E+03  4.5924097E-14
 -8.5688936E+03  4.7815084E-14
 -8.5635684E+03  4.7669673E-14
 -8.5582441E+03  4.7436793E-14
 -8.5529365E+03  4.6881010E-14
 -8.5476113E+03  4.6367397E-14
 -8.5422871E+03  4.8601693E-14
 -8.5369443E+03  4.7034987E-14
 -8.5316191E+03  4.5049837E-14
 -8.5263301E+03  4.8017352E-14
 -8.5209873E+03  4.4710919E-14
 -8.5156621E+03  4.3812816E-14
 -8.5103369E+03  4.5893411E-14
 -8.5049941E+03  4.9809667E-14
 -8.4997051E+03  4.8188233E-14
 -8.4943438E+03  4.8065450E-14
 -8.4890371E+03  4.3825539E-14
 -8.4837119E+03  4.6375366E-14
 -8.4783867E+03  4.7495346E-14
 -8.4730625E+03  4.8438582E-14
 -8.4677197E+03  4.7164004E-14
 -8.4624121E+03  4.7072741E-14
 -8.4570869E+03  4.9381299E-14
 -8.4517627E+03  4.8690317E-14
 -8.4464375E+03  4.6761640E-14
 -8.4410947E+03  4.8783863E-14
 -8.4357695E+03  4.7919530E-14
 -8.4304805E+03  5.0440297E-14
 -8.4251377E+03  4.7156791E-14
 -8.4198125E+03  4.7239031E-14
 -8.4144697E+03  4.9720804E-14
 -8.4091445E+03  5.0339290E-14
 -8.4038193E+03  4.8113033E-14
 -8.3985127E+03  4.6884700E-14
 -8.3931699E+03  4.8699692E-14
 -8.3878447E+03  4.9208267E-14
 -8.3825195E+03  4.8156896E-14
 -8.3771953E+03  4.8627738E-14
 -8.3718701E+03  4.7633782E-14
 -8.3665273E+03  4.7833346E-14
 -8.3612197E+03  4.8807644E-14
 -8.3558945E+03  4.9973684E-14
 -8.3505703E+03  4.8849227E-14
 -8.3452275E+03  4.6919090E-14
 -8.3399023E+03  4.6398601E-14
 -8.3345771E+03  4.6641693E-14
 -8.3292705E+03  4.8739611E-14
 -8.3239277E+03  4.8100599E-14
 -8.3186025E+03  4.8602059E-14
 -8.3132598E+03  4.9296850E-14
 -8.3079346E+03  4.7940838E-14
 -8.3026094E+03  4.7838297E-14
 -8.2972666E+03  4.6517820E-14
 -8.2919414E+03  4.8829274E-14
 -8.2865986E+03  4.9111800E-14
 -8.2813096E+03  4.7997861E-14
 -8.2759668E+03  4.8949112E-14
 -8.2706416E+03  4.9149199E-14
 -8.2652988E+03  4.7511054E-14
 -8.2599922E+03  4.8919199E-14
 -8.2546494E+03  4.9841103E-14
 -8.2493066E+03  4.8671370E-14
 -8.2439990E+03  4.8644225E-14
 -8.2386387E+03  4.8853615E-14
 -8.2333496E+03  5.0467328E-14
 -8.2280068E+03  5.1728156E-14
 -8.2226631E+03  5.1035395E-14
 -8.2173389E+03  4.9671648E-14
 -8.2120137E+03  5.0269396E-14
 -8.2067061E+03  5.2205398E-14
 -8.2013457E+03  5.1038702E-14
 -8.1960029E+03  4.9732177E-14
 -8.1906958E+03  5.2519719E-14
 -8.1853711E+03  5.4358400E-14
 -8.1800459E+03  5.1923404E-14
 -8.1747031E+03  5.1014687E-14
 -8.1693604E+03  5.4001495E-14
 -8.1640532E+03  5.3314903E-14
 -8.1587104E+03  5.1714279E-14
 -8.1533677E+03  5.2973010E-14
 -8.1480605E+03  5.3057144E-14
 -8.1426997E+03  5.3355530E-14
 -8.1373926E+03  5.4123599E-14
 -8.1320674E+03  5.2753822E-14
 -8.1267246E+03  5.3763875E-14
 -8.1213818E+03  5.4088160E-14
 -8.1160571E+03  5.2144524E-14
 -8.1107319E+03  5.3693476E-14
 -8.1053892E+03  5.5162272E-14
 -8.1000640E+03  5.1854564E-14
 -8.0947212E+03  5.2805630E-14
 -8.0894141E+03  5.7733888E-14
 -8.0840894E+03  5.6563119E-14
 -8.0787466E+03  5.4677376E-14
 -8.0734033E+03  5.4704508E-14
 -8.0680605E+03  5.1148379E-14
 -8.0627534E+03  5.2580241E-14
 -8.0574106E+03  5.4837235E-14
 -8.0520679E+03  5.6072124E-14
 -8.0467432E+03  5.6650814E-14
 -8.0414180E+03  5.4255845E-14
 -8.0360752E+03  5.4884980E-14
 -8.0307324E+03  5.7759854E-14
 -8.0254072E+03  5.6593151E-14
 -8.0200645E+03  5.8865076E-14
 -8.0147573E+03  5.8377457E-14
 -8.0094146E+03  5.5866119E-14
 -8.0040898E+03  5.8191197E-14
 -7.9987466E+03  5.5442874E-14
 -7.9934219E+03  5.6856924E-14
 -7.9880791E+03  5.9452694E-14
 -7.9827363E+03  5.9402922E-14
 -7.9774111E+03  5.8732695E-14
 -7.9720684E+03  5.9427987E-14
 -7.9667432E+03  6.2397800E-14
 -7.9614004E+03  6.0469601E-14
 -7.9560576E+03  6.0282359E-14
 -7.9507329E+03  5.8711235E-14
 -7.9454077E+03  6.2156646E-14
 -7.9400649E+03  6.0210605E-14
 -7.9347222E+03  6.1987633E-14
 -7.9293794E+03  5.9908431E-14
 -7.9240542E+03  5.9482713E-14
 -7.9187471E+03  6.0447747E-14
 -7.9134043E+03  6.3858166E-14
 -7.9080615E+03  5.9277141E-14
 -7.9027007E+03  6.1994064E-14
 -7.8973579E+03  6.4270841E-14
 -7.8920688E+03  5.9378507E-14
 -7.8867261E+03  5.9438274E-14
 -7.8813828E+03  6.1946345E-14
 -7.8760400E+03  6.2765568E-14
 -7.8707153E+03  6.0404217E-14
 -7.8653726E+03  6.3185419E-14
 -7.8600298E+03  6.5528176E-14
 -7.8546865E+03  6.4027986E-14
 -7.8493618E+03  6.1013592E-14
 -7.8440366E+03  6.2362753E-14
 -7.8386938E+03  6.5106042E-14
 -7.8333511E+03  6.6325838E-14
 -7.8280083E+03  6.3816384E-14
 -7.8226831E+03  6.4267852E-14
 -7.8173403E+03  6.7530806E-14
 -7.8119976E+03  6.2924329E-14
 -7.8066548E+03  6.1826825E-14
 -7.8013120E+03  6.7087869E-14
 -7.7959868E+03  6.4115095E-14
 -7.7906440E+03  6.2158191E-14
 -7.7853193E+03  6.2926945E-14
 -7.7799766E+03  6.9588920E-14
 -7.7746514E+03  6.6866732E-14
 -7.7693086E+03  6.7918375E-14
 -7.7639658E+03  6.7109296E-14
 -7.7586230E+03  6.5634327E-14
 -7.7532798E+03  6.1283112E-14
 -7.7479551E+03  6.6577081E-14
 -7.7426123E+03  6.8660382E-14
 -7.7372695E+03  6.4129007E-14
 -7.7319268E+03  7.1818880E-14
 -7.7266016E+03  6.5793311E-14
 -7.7212588E+03  6.2169345E-14
 -7.7159160E+03  6.5960184E-14
 -7.7105732E+03  7.0599959E-14
 -7.7052300E+03  6.9997021E-14
 -7.6999053E+03  6.5472462E-14
 -7.6945625E+03  6.7613782E-14
 -7.6892197E+03  6.5760270E-14
 -7.6838770E+03  6.4073604E-14
 -7.6785518E+03  6.5179978E-14
 -7.6732090E+03  6.7636225E-14
 -7.6678662E+03  6.5990026E-14
 -7.6625234E+03  6.3499553E-14
 -7.6571802E+03  6.6546805E-14
 -7.6518555E+03  7.0160505E-14
 -7.6465127E+03  6.6763171E-14
 -7.6411699E+03  6.6763991E-14
 -7.6358271E+03  6.8460198E-14
 -7.6304839E+03  6.9558454E-14
 -7.6251411E+03  7.0188863E-14
 -7.6197983E+03  6.7316134E-14
 -7.6144556E+03  7.0852056E-14
 -7.6091128E+03  7.0437647E-14
 -7.6037876E+03  6.5938872E-14
 -7.5984448E+03  6.8579623E-14
 -7.5931021E+03  7.1385531E-14
 -7.5877593E+03  6.6650678E-14
 -7.5824165E+03  6.9178651E-14
 -7.5770913E+03  7.1488002E-14
 -7.5717485E+03  6.7992947E-14
 -7.5663701E+03  6.8648016E-14
 -7.5610273E+03  6.8679891E-14
 -7.5557202E+03  6.7213250E-14
 -7.5503594E+03  6.8654318E-14
 -7.5450166E+03  6.5878658E-14
 -7.5396738E+03  6.8945209E-14
 -7.5343311E+03  7.0003912E-14
 -7.5290059E+03  7.0391345E-14
 -7.5236450E+03  6.5024802E-14
 -7.5183022E+03  7.2908164E-14
 -7.5129595E+03  6.7919167E-14
 -7.5076348E+03  6.6554150E-14
 -7.5022915E+03  6.7307616E-14
 -7.4969487E+03  6.7092213E-14
 -7.4916060E+03  6.1628444E-14
 -7.4862451E+03  6.8516651E-14
 -7.4809204E+03  7.3623711E-14
 -7.4755776E+03  6.5359746E-14
 -7.4702349E+03  6.9268145E-14
 -7.4648916E+03  6.7477037E-14
 -7.4595488E+03  6.6861332E-14
 -7.4541885E+03  6.7497101E-14
 -7.4488452E+03  7.2204260E-14
 -7.4435024E+03  7.1839697E-14
 -7.4381597E+03  6.7799594E-14
 -7.4328169E+03  6.9827424E-14
 -7.4274741E+03  6.8828196E-14
 -7.4221313E+03  6.5515512E-14
 -7.4167886E+03  7.1584591E-14
 -7.4114277E+03  7.1513223E-14
 -7.4061025E+03  6.9283087E-14
 -7.4007598E+03  7.1409133E-14
 -7.3954170E+03  7.0067094E-14
 -7.3900386E+03  6.6965205E-14
 -7.3847134E+03  6.9579460E-14
 -7.3793706E+03  6.9388580E-14
 -7.3740278E+03  6.6203980E-14
 -7.3686670E+03  6.8115727E-14
 -7.3633242E+03  6.9948232E-14
 -7.3579995E+03  6.9669883E-14
 -7.3526562E+03  6.8811940E-14
 -7.3472959E+03  7.1994778E-14
 -7.3419531E+03  6.9176435E-14
 -7.3366279E+03  6.6541119E-14
 -7.3312495E+03  6.7868664E-14
 -7.3259067E+03  6.7208968E-14
 -7.3205640E+03  7.1785439E-14
 -7.3152207E+03  6.9243866E-14
 -7.3098779E+03  6.4548417E-14
 -7.3045352E+03  6.9896820E-14
 -7.2991924E+03  6.8728138E-14
 -7.2938315E+03  6.6004080E-14
 -7.2885068E+03  6.5949464E-14
 -7.2831641E+03  6.7744868E-14
 -7.2777852E+03  6.4013749E-14
 -7.2724424E+03  6.9533992E-14
 -7.2670996E+03  6.9478020E-14
 -7.2617568E+03  7.0641640E-14
 -7.2564141E+03  6.8154148E-14
 -7.2510713E+03  6.7721863E-14
 -7.2457104E+03  6.7909477E-14
 -7.2403853E+03  7.1724521E-14
 -7.2350249E+03  6.7399442E-14
 -7.2296641E+03  6.8978297E-14
 -7.2243213E+03  6.8334783E-14
 -7.2189604E+03  6.8181090E-14
 -7.2136353E+03  7.0630567E-14
 -7.2082925E+03  6.9071044E-14
 -7.2029321E+03  6.8594863E-14
 -7.1975889E+03  7.0399815E-14
 -7.1922461E+03  7.1231940E-14
 -7.1869033E+03  6.9532135E-14
 -7.1815249E+03  6.6075665E-14
 -7.1761821E+03  6.7898500E-14
 -7.1708394E+03  6.9401760E-14
 -7.1654961E+03  6.7014672E-14
 -7.1601533E+03  6.5735327E-14
 -7.1547930E+03  6.8497610E-14
 -7.1494321E+03  6.9772205E-14
 -7.1440713E+03  7.0217168E-14
 -7.1387466E+03  6.6524545E-14
 -7.1334038E+03  6.6562885E-14
 -7.1280430E+03  6.9683910E-14
 -7.1227002E+03  6.7039229E-14
 -7.1173574E+03  6.6306112E-14
 -7.1120142E+03  6.7668778E-14
 -7.1066357E+03  6.4815883E-14
 -7.1012930E+03  6.9243432E-14
 -7.0959321E+03  6.8953612E-14
 -7.0906074E+03  6.5394399E-14
 -7.0852466E+03  6.5178033E-14
 -7.0799038E+03  6.8622828E-14
 -7.0745249E+03  6.1446975E-14
 -7.0692002E+03  6.3306612E-14
 -7.0638394E+03  6.6534011E-14
 -7.0584966E+03  6.3387006E-14
 -7.0531357E+03  6.0473585E-14
 -7.0477930E+03  6.9084712E-14
 -7.0424502E+03  6.0348556E-14
 -7.0370894E+03  6.4193869E-14
 -7.0317290E+03  6.8853709E-14
 -7.0263857E+03  6.7380055E-14
 -7.0210430E+03  6.4169739E-14
 -7.0157002E+03  5.9334509E-14
 -7.0103218E+03  6.4828947E-14
 -7.0049609E+03  6.2744304E-14
 -6.9996182E+03  6.9319042E-14
 -6.9942754E+03  6.4598344E-14
 -6.9889326E+03  6.6604837E-14
 -6.9835718E+03  6.5988129E-14
 -6.9782109E+03  6.4842290E-14
 -6.9728682E+03  6.5451930E-14
 -6.9675254E+03  5.9835858E-14
 -6.9621646E+03  6.7647033E-14
 -6.9568042E+03  6.9548025E-14
 -6.9514434E+03  6.1415174E-14
 -6.9461006E+03  6.8158695E-14
 -6.9407578E+03  6.9437959E-14
 -6.9353970E+03  6.1491021E-14
 -6.9300361E+03  5.6161872E-14
 -6.9247114E+03  6.7368318E-14
 -6.9193325E+03  6.1954124E-14
 -6.9139722E+03  6.4739792E-14
 -6.9086289E+03  6.6537338E-14
 -6.9032686E+03  5.9748579E-14
 -6.8979434E+03  6.3678060E-14
 -6.8925649E+03  5.7801115E-14
 -6.8872041E+03  6.0775149E-14
 -6.8818613E+03  6.6731139E-14
 -6.8765186E+03  6.5202794E-14
 -6.8711577E+03  6.0989252E-14
 -6.8658149E+03  6.4943832E-14
 -6.8604365E+03  6.3027783E-14
 -6.8550757E+03  6.3338088E-14
 -6.8497505E+03  5.9801346E-14
 -6.8443901E+03  6.1327225E-14
 -6.8390112E+03  6.2636243E-14
 -6.8336685E+03  6.3427840E-14
 -6.8283076E+03  6.1231138E-14
 -6.8229648E+03  6.2725582E-14
 -6.8176221E+03  5.8381414E-14
 -6.8122437E+03  6.0535134E-14
 -6.8068828E+03  6.2220587E-14
 -6.8015400E+03  6.5291644E-14
 -6.7961973E+03  6.2267865E-14
 -6.7908188E+03  6.1463428E-14
 -6.7854580E+03  6.0053897E-14
 -6.7800972E+03  5.9664987E-14
 -6.7747725E+03  5.8993202E-14
 -6.7693936E+03  5.7925615E-14
 -6.7640332E+03  5.7894919E-14
 -6.7586899E+03  5.8710666E-14
 -6.7533472E+03  6.1443194E-14
 -6.7479868E+03  5.9321546E-14
 -6.7426079E+03  5.5504534E-14
 -6.7372651E+03  6.4187784E-14
 -6.7319043E+03  6.1289989E-14
 -6.7265615E+03  5.6007157E-14
 -6.7211831E+03  5.7287515E-14
 -6.7158223E+03  5.5949975E-14
 -6.7104795E+03  5.5678461E-14
 -6.7051367E+03  5.8713146E-14
 -6.6997583E+03  5.9646244E-14
 -6.6943975E+03  6.3173682E-14
 -6.6890366E+03  6.2865789E-14
 -6.6836938E+03  6.0480145E-14
 -6.6783511E+03  6.1249142E-14
 -6.6729727E+03  6.0776566E-14
 -6.6676118E+03  5.9308373E-14
 -6.6622329E+03  5.8887391E-14
 -6.6569263E+03  5.8717788E-14
 -6.6515474E+03  5.4670207E-14
 -6.6461870E+03  5.5165657E-14
 -6.6408262E+03  5.7996109E-14
 -6.6354473E+03  5.9096364E-14
 -6.6301045E+03  5.7775365E-14
 -6.6247617E+03  5.5664207E-14
 -6.6194009E+03  5.5181513E-14
 -6.6140225E+03  5.7679976E-14
 -6.6086797E+03  5.9859330E-14
 -6.6033188E+03  5.7905354E-14
 -6.5979404E+03  5.7549973E-14
 -6.5925796E+03  5.6639592E-14
 -6.5872188E+03  5.9637279E-14
 -6.5818940E+03  5.8934865E-14
 -6.5765332E+03  5.7984379E-14
 -6.5711548E+03  6.0285375E-14
 -6.5657939E+03  5.7985368E-14
 -6.5604512E+03  5.9228616E-14
 -6.5550728E+03  5.2352460E-14
 -6.5497119E+03  5.5259172E-14
 -6.5443511E+03  5.4279735E-14
 -6.5389727E+03  5.4841731E-14
 -6.5336299E+03  5.3123006E-14
 -6.5282690E+03  5.5777923E-14
 -6.5229263E+03  5.6114737E-14
 -6.5175479E+03  5.7339272E-14
 -6.5122046E+03  5.4561939E-14
 -6.5068442E+03  5.4666747E-14
 -6.5014834E+03  5.3694113E-14
 -6.4961050E+03  5.3559557E-14
 -6.4907441E+03  5.3573831E-14
 -6.4854014E+03  5.3294906E-14
 -6.4800229E+03  5.2518557E-14
 -6.4746621E+03  5.2987681E-14
 -6.4693013E+03  5.3098347E-14
 -6.4639229E+03  5.5258603E-14
 -6.4585801E+03  5.4443730E-14
 -6.4532192E+03  5.1780520E-14
 -6.4478408E+03  5.1634932E-14
 -6.4424800E+03  4.9354408E-14
 -6.4371372E+03  5.2756234E-14
 -6.4317764E+03  5.2263973E-14
 -6.4263979E+03  5.2069135E-14
 -6.4210371E+03  5.1775174E-14
 -6.4156587E+03  5.0369123E-14
 -6.4103154E+03  5.0367530E-14
 -6.4049551E+03  5.0299080E-14
 -6.3995942E+03  5.6193938E-14
 -6.3942158E+03  5.4154113E-14
 -6.3888730E+03  5.5687609E-14
 -6.3835122E+03  5.3353128E-14
 -6.3781338E+03  5.2280297E-14
 -6.3727729E+03  4.7817185E-14
 -6.3674121E+03  5.3169556E-14
 -6.3620693E+03  5.2166201E-14
 -6.3566909E+03  4.7856531E-14
 -6.3513120E+03  4.9166437E-14
 -6.3459336E+03  4.8656513E-14
 -6.3405908E+03  5.0715610E-14
 -6.3352300E+03  5.0239344E-14
 -6.3298516E+03  5.0598726E-14
 -6.3244907E+03  5.0237985E-14
 -6.3191299E+03  5.1701136E-14
 -6.3137871E+03  4.9358165E-14
 -6.3084087E+03  5.0212130E-14
 -6.3030479E+03  5.3174557E-14
 -6.2976694E+03  5.3685978E-14
 -6.2923086E+03  4.9626773E-14
 -6.2869478E+03  5.0646878E-14
 -6.2815693E+03  5.1787076E-14
 -6.2762085E+03  4.9085627E-14
 -6.2708481E+03  4.7111712E-14
 -6.2655049E+03  4.6387471E-14
 -6.2601265E+03  4.9334885E-14
 -6.2547656E+03  4.9709562E-14
 -6.2493691E+03  4.7249561E-14
 -6.2440264E+03  4.8307688E-14
 -6.2386660E+03  4.9782329E-14
 -6.2332871E+03  4.8327976E-14
 -6.2279268E+03  4.6182774E-14
 -6.2225659E+03  4.5710719E-14
 -6.2171870E+03  4.6991660E-14
 -6.2118267E+03  4.7828833E-14
 -6.2064478E+03  4.6190672E-14
 -6.2010874E+03  4.6875962E-14
 -6.1957446E+03  4.7634568E-14
 -6.1903838E+03  4.7717540E-14
 -6.1849873E+03  4.8596896E-14
 -6.1796265E+03  4.8153484E-14
 -6.1742480E+03  4.7877900E-14
 -6.1689053E+03  4.6907187E-14
 -6.1635088E+03  4.7546443E-14
 -6.1581479E+03  4.6979524E-14
 -6.1527871E+03  4.7558850E-14
 -6.1474443E+03  4.5538361E-14
 -6.1420659E+03  4.1260161E-14
 -6.1366875E+03  4.2086973E-14
 -6.1313086E+03  4.4126137E-14
 -6.1259482E+03  4.7063712E-14
 -6.1206050E+03  4.6652217E-14
 -6.1152085E+03  4.3917893E-14
 -6.1098481E+03  4.3096718E-14
 -6.1044692E+03  4.5217353E-14
 -6.0991265E+03  4.3426634E-14
 -6.0937480E+03  4.3884154E-14
 -6.0883696E+03  4.7151082E-14
 -6.0830088E+03  4.2590223E-14
 -6.0776123E+03  4.3638622E-14
 -6.0722695E+03  4.3781558E-14
 -6.0669087E+03  4.3399163E-14
 -6.0615303E+03  4.4429399E-14
 -6.0561519E+03  4.3123328E-14
 -6.0507729E+03  4.4936331E-14
 -6.0454302E+03  4.4242730E-14
 -6.0400518E+03  4.6345804E-14
 -6.0346729E+03  4.5729164E-14
 -6.0293125E+03  4.1813561E-14
 -6.0239336E+03  4.6287471E-14
 -6.0185732E+03  4.7594863E-14
 -6.0132124E+03  4.4336364E-14
 -6.0078159E+03  4.5452950E-14
 -6.0024551E+03  4.4844946E-14
 -5.9971123E+03  4.2517727E-14
 -5.9917158E+03  4.2320612E-14
 -5.9863374E+03  4.1503368E-14
 -5.9809766E+03  4.2601478E-14
 -5.9756157E+03  4.5392943E-14
 -5.9702373E+03  4.6444534E-14
 -5.9648765E+03  4.6923118E-14
 -5.9594800E+03  4.2659446E-14
 -5.9541196E+03  4.4519073E-14
 -5.9487588E+03  4.5849589E-14
 -5.9433804E+03  4.2175678E-14
 -5.9380195E+03  4.2899512E-14
 -5.9326230E+03  4.1879593E-14
 -5.9272803E+03  4.3679887E-14
 -5.9218838E+03  4.6531735E-14
 -5.9165229E+03  4.3213564E-14
 -5.9111626E+03  4.2266212E-14
 -5.9057661E+03  4.3352291E-14
 -5.9004229E+03  4.1266832E-14
 -5.8950269E+03  4.0322878E-14
 -5.8896660E+03  4.3721777E-14
 -5.8842695E+03  3.9771236E-14
 -5.8789268E+03  4.2703651E-14
 -5.8735659E+03  4.6126409E-14
 -5.8681694E+03  4.3627970E-14
 -5.8628086E+03  4.6299404E-14
 -5.8574121E+03  4.4785136E-14
 -5.8520693E+03  3.9868980E-14
 -5.8466729E+03  3.9439260E-14
 -5.8413125E+03  4.3751827E-14
 -5.8359160E+03  4.4543945E-14
 -5.8305732E+03  4.4252969E-14
 -5.8251768E+03  4.1490540E-14
 -5.8198159E+03  4.4650403E-14
 -5.8144194E+03  4.1819867E-14
 -5.8090586E+03  4.2845583E-14
 -5.8036982E+03  4.2323661E-14
 -5.7983193E+03  4.2773033E-14
 -5.7929409E+03  4.3308354E-14
 -5.7875625E+03  4.1836512E-14
 -5.7822017E+03  4.1456323E-14
 -5.7768408E+03  4.3375033E-14
 -5.7714443E+03  4.0887476E-14
 -5.7660659E+03  4.0464837E-14
 -5.7606875E+03  4.2938208E-14
 -5.7553442E+03  4.0601176E-14
 -5.7499482E+03  4.1916662E-14
 -5.7445874E+03  3.8717842E-14
 -5.7391909E+03  3.9202423E-14
 -5.7338481E+03  4.2751891E-14
 -5.7284517E+03  4.1395886E-14
 -5.7230732E+03  4.0928534E-14
 -5.7176943E+03  3.9487964E-14
 -5.7123159E+03  4.1189352E-14
 -5.7069551E+03  4.2116606E-14
 -5.7015767E+03  4.0509900E-14
 -5.6961982E+03  4.1884702E-14
 -5.6908193E+03  3.9643625E-14
 -5.6854409E+03  4.1067190E-14
 -5.6800801E+03  4.3582281E-14
 -5.6746836E+03  4.3198514E-14
 -5.6693228E+03  4.2413809E-14
 -5.6639268E+03  4.1246507E-14
 -5.6585659E+03  3.9583185E-14
 -5.6532051E+03  3.9227177E-14
 -5.6478086E+03  4.1957140E-14
 -5.6424302E+03  4.0862201E-14
 -5.6370693E+03  4.1476869E-14
 -5.6316729E+03  3.9557865E-14
 -5.6263120E+03  3.9210283E-14
 -5.6209160E+03  3.9866456E-14
 -5.6155371E+03  3.9063703E-14
 -5.6101943E+03  3.7875766E-14
 -5.6047979E+03  3.9244805E-14
 -5.5994014E+03  4.1486498E-14
 -5.5940410E+03  3.9271995E-14
 -5.5886802E+03  3.9555409E-14
 -5.5832837E+03  3.8090723E-14
 -5.5779229E+03  3.8479629E-14
 -5.5725264E+03  3.9394608E-14
 -5.5671299E+03  3.8732079E-14
 -5.5617871E+03  4.0598167E-14
 -5.5563906E+03  3.9708867E-14
 -5.5510122E+03  3.7990190E-14
 -5.5456338E+03  3.7846886E-14
 -5.5402729E+03  3.9266645E-14
 -5.5348765E+03  3.6537054E-14
 -5.5294980E+03  3.8726997E-14
 -5.5241191E+03  4.5317631E-14
 -5.5187407E+03  4.3315073E-14
 -5.5133623E+03  3.9056686E-14
 -5.5080015E+03  4.0451268E-14
 -5.5026050E+03  3.6503393E-14
 -5.4972266E+03  4.0360974E-14
 -5.4918301E+03  4.0971556E-14
 -5.4864873E+03  4.1329329E-14
 -5.4810908E+03  3.7624194E-14
 -5.4756943E+03  4.0559739E-14
 -5.4703154E+03  3.6643079E-14
 -5.4649727E+03  4.0115338E-14
 -5.4595762E+03  3.7558203E-14
 -5.4541802E+03  3.8660251E-14
 -5.4488013E+03  4.1075487E-14
 -5.4434048E+03  3.9467466E-14
 -5.4380620E+03  3.8485748E-14
 -5.4326655E+03  3.9259960E-14
 -5.4272871E+03  3.9347137E-14
 -5.4218906E+03  3.6456640E-14
 -5.4165298E+03  3.8059745E-14
 -5.4111514E+03  4.0612397E-14
 -5.4057549E+03  3.5405638E-14
 -5.4003765E+03  4.1008162E-14
 -5.3949800E+03  4.1135227E-14
 -5.3896191E+03  3.7126667E-14
 -5.3842407E+03  3.7593413E-14
 -5.3788618E+03  4.0248095E-14
 -5.3734653E+03  3.9980660E-14
 -5.3681050E+03  3.9525685E-14
 -5.3627085E+03  3.9016028E-14
 -5.3573120E+03  3.6027621E-14
 -5.3519336E+03  3.9485284E-14
 -5.3465547E+03  4.0867364E-14
 -5.3411943E+03  3.7182392E-14
 -5.3357979E+03  3.8245432E-14
 -5.3304189E+03  3.9027768E-14
 -5.3250225E+03  4.0854645E-14
 -5.3196440E+03  3.7942932E-14
 -5.3142656E+03  3.6313092E-14
 -5.3088867E+03  3.8255955E-14
 -5.3035083E+03  3.8943238E-14
 -5.2981118E+03  3.7653603E-14
 -5.2927510E+03  3.8943749E-14
 -5.2873550E+03  3.9400388E-14
 -5.2819585E+03  3.9407842E-14
 -5.2765796E+03  3.8470214E-14
 -5.2712012E+03  3.9053257E-14
 -5.2658228E+03  3.8795823E-14
 -5.2604263E+03  3.8451809E-14
 -5.2550298E+03  3.8414797E-14
 -5.2496509E+03  3.8757355E-14
 -5.2443081E+03  3.7254393E-14
 -5.2389116E+03  3.9461175E-14
 -5.2335151E+03  3.8876596E-14
 -5.2281367E+03  3.7057820E-14
 -5.2227583E+03  3.9274793E-14
 -5.2173618E+03  3.6911494E-14
 -5.2119834E+03  3.9413551E-14
 -5.2065869E+03  3.7635388E-14
 -5.2011904E+03  3.8007158E-14
 -5.1958296E+03  3.8079508E-14
 -5.1904331E+03  3.7997288E-14
 -5.1850547E+03  3.8862773E-14
 -5.1796582E+03  3.9055151E-14
 -5.1742974E+03  3.6490474E-14
 -5.1689009E+03  3.7884202E-14
 -5.1635044E+03  3.7632583E-14
 -5.1581260E+03  3.6668724E-14
 -5.1527295E+03  3.7008069E-14
 -5.1473687E+03  4.1021491E-14
 -5.1419722E+03  3.6973249E-14
 -5.1365757E+03  3.7414475E-14
 -5.1311973E+03  3.7363586E-14
 -5.1258188E+03  3.8136080E-14
 -5.1204404E+03  3.6799011E-14
 -5.1150439E+03  3.6564976E-14
 -5.1096475E+03  3.7731110E-14
 -5.1042686E+03  3.7907469E-14
 -5.0988901E+03  3.6971762E-14
 -5.0934937E+03  3.7324500E-14
 -5.0880972E+03  3.6226593E-14
 -5.0827007E+03  3.7637360E-14
 -5.0773223E+03  3.8176805E-14
 -5.0719438E+03  3.4703756E-14
 -5.0665474E+03  3.7401482E-14
 -5.0611509E+03  3.5498541E-14
 -5.0557720E+03  3.8539972E-14
 -5.0503936E+03  3.6484162E-14
 -5.0450151E+03  3.4082458E-14
 -5.0396187E+03  3.6185149E-14
 -5.0342222E+03  3.5732159E-14
 -5.0288613E+03  3.5162425E-14
 -5.0234473E+03  3.4075072E-14
 -5.0180508E+03  3.5136997E-14
 -5.0126719E+03  3.4850822E-14
 -5.0072759E+03  3.5041424E-14
 -5.0019150E+03  3.4386576E-14
 -4.9965186E+03  3.7898534E-14
 -4.9911221E+03  3.5865421E-14
 -4.9857075E+03  3.4906170E-14
 -4.9803472E+03  3.3698111E-14
 -4.9749507E+03  3.5139846E-14
 -4.9695723E+03  3.5713437E-14
 -4.9641758E+03  3.4871137E-14
 -4.9587793E+03  3.6120571E-14
 -4.9534185E+03  3.8490583E-14
 -4.9480039E+03  3.6679894E-14
 -4.9426079E+03  3.6147219E-14
 -4.9372290E+03  3.7733471E-14
 -4.9318506E+03  3.7543394E-14
 -4.9264722E+03  3.6564718E-14
 -4.9210576E+03  3.5099707E-14
 -4.9156611E+03  3.5378859E-14
 -4.9102646E+03  3.7865215E-14
 -4.9049038E+03  3.7204469E-14
 -4.8995078E+03  3.3946380E-14
 -4.8940933E+03  3.5281111E-14
 -4.8886968E+03  3.5891032E-14
 -4.8833359E+03  3.5195273E-14
 -4.8779395E+03  3.6947777E-14
 -4.8725610E+03  3.5966066E-14
 -4.8671470E+03  3.9366344E-14
 -4.8617505E+03  3.7167433E-14
 -4.8563896E+03  3.6106290E-14
 -4.8509932E+03  3.5887553E-14
 -4.8455791E+03  3.6096255E-14
 -4.8401826E+03  3.8568436E-14
 -4.8348218E+03  3.5085033E-14
 -4.8294253E+03  3.7248386E-14
 -4.8240107E+03  3.7311364E-14
 -4.8186323E+03  3.7683608E-14
 -4.8132358E+03  3.5253803E-14
 -4.8078394E+03  3.7499711E-14
 -4.8024609E+03  3.4838265E-14
 -4.7970645E+03  3.8367841E-14
 -4.7916680E+03  3.8657642E-14
 -4.7862896E+03  3.5491409E-14
 -4.7808931E+03  3.3506086E-14
 -4.7754966E+03  3.6159471E-14
 -4.7700820E+03  3.4612284E-14
 -4.7647036E+03  3.5425035E-14
 -4.7593252E+03  3.7121456E-14
 -4.7539106E+03  3.6719298E-14
 -4.7485322E+03  3.7589089E-14
 -4.7431357E+03  3.7072555E-14
 -4.7377393E+03  3.4318278E-14
 -4.7323608E+03  3.5224096E-14
 -4.7269644E+03  3.8805100E-14
 -4.7215498E+03  3.3744254E-14
 -4.7161533E+03  3.1451912E-14
 -4.7107930E+03  4.0240889E-14
 -4.7053784E+03  3.7120602E-14
 -4.6999819E+03  3.4911442E-14
 -4.6946035E+03  3.5196777E-14
 -4.6892070E+03  3.6370843E-14
 -4.6838105E+03  3.3417205E-14
 -4.6783965E+03  3.5511155E-14
 -4.6730176E+03  3.8850111E-14
 -4.6676211E+03  3.5723682E-14
 -4.6622246E+03  3.7990319E-14
 -4.6568462E+03  3.7241975E-14
 -4.6514321E+03  3.4558057E-14
 -4.6460356E+03  3.6512799E-14
 -4.6406748E+03  3.4313925E-14
 -4.6352603E+03  3.3614574E-14
 -4.6298643E+03  3.4505103E-14
 -4.6244497E+03  3.4412587E-14
 -4.6190532E+03  3.7436220E-14
 -4.6136748E+03  3.9060148E-14
 -4.6082783E+03  3.6794234E-14
 -4.6028818E+03  3.3145887E-14
 -4.5974673E+03  3.5519446E-14
 -4.5921069E+03  3.7856362E-14
 -4.5866924E+03  3.7084915E-14
 -4.5812959E+03  3.7554673E-14
 -4.5758818E+03  3.6978599E-14
 -4.5705029E+03  3.6895132E-14
 -4.5651064E+03  3.7510061E-14
 -4.5597104E+03  3.8515479E-14
 -4.5542959E+03  3.5451686E-14
 -4.5489175E+03  3.7694067E-14
 -4.5435210E+03  3.8852642E-14
 -4.5381245E+03  3.6474543E-14
 -4.5327100E+03  4.0172689E-14
 -4.5273315E+03  3.6561977E-14
 -4.5219175E+03  3.9174474E-14
 -4.5165386E+03  3.7473967E-14
 -4.5111245E+03  3.7449163E-14
 -4.5057456E+03  3.8373933E-14
 -4.5003315E+03  4.0776979E-14
 -4.4949531E+03  3.8809552E-14
 -4.4895386E+03  4.0415191E-14
 -4.4841602E+03  3.7866544E-14
 -4.4787456E+03  3.4413051E-14
 -4.4733491E+03  3.5986703E-14
 -4.4679526E+03  3.6225261E-14
 -4.4625742E+03  3.8377155E-14
 -4.4571597E+03  3.6842450E-14
 -4.4517456E+03  3.8867360E-14
 -4.4463672E+03  3.8108822E-14
 -4.4409526E+03  3.5339295E-14
 -4.4355742E+03  3.8325300E-14
 -4.4301597E+03  4.0336404E-14
 -4.4247632E+03  3.9084252E-14
 -4.4193667E+03  3.7558030E-14
 -4.4139526E+03  4.1065136E-14
 -4.4085742E+03  4.1738138E-14
 -4.4031597E+03  3.6457474E-14
 -4.3977812E+03  3.6275843E-14
 -4.3923667E+03  3.5327352E-14
 -4.3869526E+03  3.6673992E-14
 -4.3815737E+03  3.8629608E-14
 -4.3761597E+03  3.7517973E-14
 -4.3707632E+03  3.6887021E-14
 -4.3653667E+03  3.9823847E-14
 -4.3599526E+03  3.9922804E-14
 -4.3545737E+03  4.1107447E-14
 -4.3491772E+03  3.8603157E-14
 -4.3437632E+03  3.9437217E-14
 -4.3383667E+03  4.0428002E-14
 -4.3329702E+03  4.0736444E-14
 -4.3275557E+03  3.8308176E-14
 -4.3221772E+03  4.0351989E-14
 -4.3167632E+03  3.8837077E-14
 -4.3113486E+03  3.6936603E-14
 -4.3059702E+03  3.9790870E-14
 -4.3005737E+03  3.8122923E-14
 -4.2951592E+03  4.0662433E-14
 -4.2897627E+03  4.1263532E-14
 -4.2843486E+03  3.6814993E-14
 -4.2789341E+03  3.9985166E-14
 -4.2735557E+03  4.1627126E-14
 -4.2681592E+03  3.9824169E-14
 -4.2627451E+03  3.9258778E-14
 -4.2573306E+03  3.9676927E-14
 -4.2519697E+03  3.9168355E-14
 -4.2465557E+03  3.6885324E-14
 -4.2411411E+03  3.8811283E-14
 -4.2357271E+03  3.9142907E-14
 -4.2303306E+03  4.0900412E-14
 -4.2249341E+03  4.3308378E-14
 -4.2195195E+03  4.3392847E-14
 -4.2141055E+03  3.9262562E-14
 -4.2087271E+03  4.2089653E-14
 -4.2033306E+03  4.0060823E-14
 -4.1979160E+03  4.1998956E-14
 -4.1925020E+03  4.0662206E-14
 -4.1871055E+03  3.6995689E-14
 -4.1816909E+03  3.8862336E-14
 -4.1763125E+03  4.0572048E-14
 -4.1708979E+03  4.1487369E-14
 -4.1654839E+03  4.0361909E-14
 -4.1600874E+03  3.8463712E-14
 -4.1546909E+03  4.0880100E-14
 -4.1492769E+03  4.4489189E-14
 -4.1438804E+03  4.3767219E-14
 -4.1384658E+03  4.2131344E-14
 -4.1330693E+03  4.2143240E-14
 -4.1276729E+03  3.9860486E-14
 -4.1222588E+03  3.9615914E-14
 -4.1168442E+03  4.1319741E-14
 -4.1114302E+03  4.0310593E-14
 -4.1060693E+03  4.0142243E-14
 -4.1006548E+03  4.0966044E-14
 -4.0952407E+03  3.9725866E-14
 -4.0898264E+03  3.9599465E-14
 -4.0844121E+03  3.8916285E-14
 -4.0790156E+03  4.0560406E-14
 -4.0736013E+03  3.9831921E-14
 -4.0682227E+03  4.2720913E-14
 -4.0628083E+03  4.2521352E-14
 -4.0574119E+03  3.9516381E-14
 -4.0519976E+03  3.8814397E-14
 -4.0465833E+03  4.0117124E-14
 -4.0411689E+03  4.0340967E-14
 -4.0357546E+03  4.1300537E-14
 -4.0303582E+03  4.1862960E-14
 -4.0249438E+03  4.3757356E-14
 -4.0195654E+03  4.0362536E-14
 -4.0141511E+03  4.1113634E-14
 -4.0087546E+03  3.8900229E-14
 -4.0033403E+03  4.0975019E-14
 -3.9979260E+03  4.0611452E-14
 -3.9925117E+03  4.1287899E-14
 -3.9870974E+03  4.2281838E-14
 -3.9817188E+03  4.0719147E-14
 -3.9763044E+03  4.2609945E-14
 -3.9708901E+03  4.2945184E-14
 -3.9654758E+03  4.0951587E-14
 -3.9600793E+03  4.0838365E-14
 -3.9546650E+03  4.2665233E-14
 -3.9492507E+03  4.6398608E-14
 -3.9438364E+03  4.1247167E-14
 -3.9384399E+03  4.1170409E-14
 -3.9330615E+03  4.3328578E-14
 -3.9276472E+03  3.8295982E-14
 -3.9222329E+03  4.0249064E-14
 -3.9168186E+03  4.4046174E-14
 -3.9114221E+03  4.3391435E-14
 -3.9060078E+03  4.5178928E-14
 -3.9005935E+03  4.5148116E-14
 -3.8951792E+03  4.0714627E-14
 -3.8897649E+03  4.2581746E-14
 -3.8843862E+03  4.0635196E-14
 -3.8789719E+03  4.0768655E-14
 -3.8735576E+03  4.1234743E-14
 -3.8681433E+03  3.9580037E-14
 -3.8627468E+03  4.2305338E-14
 -3.8573325E+03  4.7396884E-14
 -3.8519004E+03  4.9012752E-14
 -3.8464861E+03  4.4325817E-14
 -3.8410718E+03  4.2440877E-14
 -3.8356753E+03  4.3624081E-14
 -3.8302610E+03  4.5444642E-14
 -3.8248467E+03  4.4395816E-14
 -3.8194324E+03  4.5227456E-14
 -3.8140537E+03  4.7677682E-14
 -3.8086394E+03  4.5955363E-14
 -3.8032251E+03  4.2696186E-14
 -3.7978108E+03  4.1605950E-14
 -3.7923965E+03  3.8959887E-14
 -3.7870000E+03  4.6054310E-14
 -3.7815857E+03  4.5677695E-14
 -3.7761714E+03  4.8520622E-14
 -3.7707393E+03  5.0404820E-14
 -3.7653428E+03  4.4866119E-14
 -3.7599285E+03  4.2312335E-14
 -3.7545142E+03  4.4678884E-14
 -3.7490999E+03  4.3648475E-14
 -3.7436855E+03  4.4389710E-14
 -3.7382891E+03  4.4720534E-14
 -3.7328926E+03  3.9711293E-14
 -3.7274426E+03  4.3129566E-14
 -3.7220283E+03  4.4092954E-14
 -3.7166497E+03  4.4723499E-14
 -3.7112354E+03  4.3117308E-14
 -3.7058210E+03  4.6525785E-14
 -3.7004067E+03  4.5482837E-14
 -3.6949924E+03  4.5110806E-14
 -3.6895781E+03  4.4832820E-14
 -3.6841638E+03  4.5682970E-14
 -3.6787495E+03  4.1783847E-14
 -3.6733352E+03  4.0487274E-14
 -3.6679387E+03  4.7574615E-14
 -3.6625244E+03  4.3064920E-14
 -3.6570923E+03  4.1211500E-14
 -3.6516780E+03  4.2837458E-14
 -3.6462637E+03  4.2593038E-14
 -3.6408672E+03  4.3004012E-14
 -3.6354529E+03  4.2049785E-14
 -3.6300208E+03  4.0333015E-14
 -3.6246064E+03  4.4940261E-14
 -3.6192100E+03  4.3554868E-14
 -3.6137957E+03  4.5664949E-14
 -3.6083635E+03  4.2425055E-14
 -3.6029492E+03  4.2511164E-14
 -3.5975347E+03  4.6806607E-14
 -3.5921384E+03  4.1604595E-14
 -3.5867419E+03  4.5752000E-14
 -3.5812917E+03  4.0908364E-14
 -3.5758774E+03  4.3234615E-14
 -3.5704990E+03  4.6735365E-14
 -3.5650847E+03  4.3514163E-14
 -3.5596345E+03  4.2100959E-14
 -3.5542202E+03  4.6613348E-14
 -3.5488059E+03  4.6080181E-14
 -3.5433916E+03  4.6543678E-14
 -3.5379773E+03  4.2767886E-14
 -3.5325630E+03  4.3666192E-14
 -3.5271487E+03  4.2868917E-14
 -3.5217522E+03  4.7266712E-14
 -3.5163379E+03  4.9238862E-14
 -3.5109236E+03  4.5527926E-14
 -3.5054736E+03  4.4550667E-14
 -3.5000593E+03  4.6230503E-14
 -3.4946807E+03  4.6912984E-14
 -3.4892307E+03  4.6343541E-14
 -3.4838164E+03  4.7498782E-14
 -3.4784021E+03  4.6304337E-14
 -3.4729878E+03  4.7490146E-14
 -3.4675735E+03  4.9121816E-14
 -3.4621770E+03  5.0634799E-14
 -3.4567268E+03  4.9212370E-14
 -3.4513125E+03  4.6958195E-14
 -3.4459341E+03  4.6591552E-14
 -3.4404839E+03  4.4618873E-14
 -3.4350696E+03  4.3189766E-14
 -3.4296553E+03  4.7630699E-14
 -3.4242410E+03  4.9353632E-14
 -3.4188267E+03  4.6220667E-14
 -3.4133945E+03  4.7358937E-14
 -3.4079802E+03  4.7674961E-14
 -3.4025659E+03  4.5704936E-14
 -3.3971516E+03  4.4754588E-14
 -3.3917373E+03  4.8300231E-14
 -3.3863230E+03  4.7177374E-14
 -3.3808906E+03  4.3103067E-14
 -3.3754944E+03  4.6031541E-14
 -3.3700620E+03  4.8828661E-14
 -3.3646477E+03  4.9000849E-14
 -3.3592156E+03  4.6942088E-14
 -3.3538013E+03  4.5198352E-14
 -3.3484048E+03  4.5596980E-14
 -3.3429727E+03  4.7027208E-14
 -3.3375583E+03  4.9814319E-14
 -3.3321262E+03  4.6022505E-14
 -3.3267297E+03  4.6366817E-14
 -3.3212976E+03  4.8958891E-14
 -3.3158833E+03  4.9684368E-14
 -3.3104331E+03  5.0023211E-14
 -3.3050547E+03  4.9791016E-14
 -3.2996404E+03  4.7471518E-14
 -3.2942080E+03  4.7129760E-14
 -3.2887937E+03  4.4505307E-14
 -3.2833438E+03  4.3999746E-14
 -3.2779651E+03  5.0155575E-14
 -3.2725151E+03  4.8768623E-14
 -3.2671008E+03  4.5266918E-14
 -3.2616687E+03  4.5853326E-14
 -3.2562722E+03  4.5563566E-14
 -3.2508401E+03  4.5030396E-14
 -3.2454258E+03  4.8514341E-14
 -3.2399934E+03  4.4989179E-14
 -3.2345791E+03  4.9170571E-14
 -3.2291648E+03  4.6499286E-14
 -3.2237327E+03  4.7092050E-14
 -3.2183184E+03  4.6762582E-14
 -3.2128684E+03  4.9199035E-14
 -3.2074897E+03  4.5739325E-14
 -3.2020398E+03  4.5859455E-14
 -3.1966255E+03  5.2106668E-14
 -3.1911931E+03  4.9867682E-14
 -3.1857788E+03  4.9253827E-14
 -3.1803645E+03  4.8252258E-14
 -3.1749502E+03  4.8234284E-14
 -3.1695181E+03  4.3663485E-14
 -3.1640859E+03  4.5228093E-14
 -3.1586895E+03  4.8446642E-14
 -3.1532573E+03  4.6270513E-14
 -3.1478430E+03  5.0271907E-14
 -3.1424106E+03  4.6042356E-14
 -3.1369607E+03  4.6848145E-14
 -3.1315820E+03  4.7366963E-14
 -3.1261321E+03  4.6954882E-14
 -3.1207178E+03  4.7026354E-14
 -3.1152856E+03  4.2937584E-14
 -3.1098713E+03  4.6458690E-14
 -3.1044570E+03  4.7644387E-14
 -3.0990247E+03  4.5272247E-14
 -3.0935925E+03  4.7510075E-14
 -3.0881782E+03  4.7097587E-14
 -3.0827639E+03  4.9013240E-14
 -3.0773496E+03  4.5719193E-14
 -3.0718997E+03  4.6017016E-14
 -3.0664673E+03  4.6529285E-14
 -3.0610710E+03  4.7950732E-14
 -3.0556387E+03  4.9180396E-14
 -3.0502065E+03  5.3250505E-14
 -3.0447922E+03  4.7858842E-14
 -3.0393601E+03  4.7007998E-14
 -3.0339458E+03  4.6970979E-14
 -3.0285315E+03  4.7163476E-14
 -3.0230813E+03  4.5918551E-14
 -3.0176492E+03  4.7047706E-14
 -3.0122349E+03  4.7824229E-14
 -3.0068206E+03  4.8346293E-14
 -3.0013884E+03  5.0884325E-14
 -2.9959563E+03  5.0679628E-14
 -2.9905420E+03  4.5973970E-14
 -2.9851277E+03  4.9167505E-14
 -2.9796775E+03  4.8539931E-14
 -2.9742632E+03  4.5940648E-14
 -2.9688311E+03  4.8415278E-14
 -2.9634167E+03  5.1603815E-14
 -2.9579846E+03  4.9899700E-14
 -2.9525703E+03  4.7847939E-14
 -2.9471382E+03  4.7012206E-14
 -2.9416880E+03  4.8848505E-14
 -2.9362737E+03  4.8185638E-14
 -2.9308594E+03  4.9220539E-14
 -2.9254272E+03  4.9424176E-14
 -2.9199951E+03  4.8990898E-14
 -2.9145808E+03  5.1017130E-14
 -2.9091484E+03  5.0666919E-14
 -2.9037341E+03  5.1061768E-14
 -2.8982842E+03  5.0227282E-14
 -2.8928521E+03  5.0061677E-14
 -2.8874377E+03  5.1891549E-14
 -2.8820234E+03  4.8678286E-14
 -2.8765911E+03  5.1198371E-14
 -2.8711589E+03  4.8854119E-14
 -2.8657446E+03  4.7870175E-14
 -2.8602947E+03  4.9704002E-14
 -2.8548623E+03  5.2420619E-14
 -2.8494480E+03  5.1624242E-14
 -2.8440159E+03  5.0440056E-14
 -2.8386016E+03  5.1345707E-14
 -2.8331694E+03  5.2515145E-14
 -2.8277195E+03  4.9863051E-14
 -2.8222871E+03  4.9684388E-14
 -2.8168909E+03  4.6711868E-14
 -2.8114585E+03  4.4330574E-14
 -2.8060264E+03  5.0217236E-14
 -2.8005942E+03  5.2565364E-14
 -2.7951440E+03  5.1246049E-14
 -2.7897297E+03  4.9970472E-14
 -2.7842976E+03  4.9962154E-14
 -2.7788833E+03  5.1726893E-14
 -2.7734512E+03  5.2189030E-14
 -2.7680369E+03  5.2640685E-14
 -2.7626047E+03  5.2115278E-14
 -2.7571545E+03  5.1481548E-14
 -2.7517224E+03  5.1401845E-14
 -2.7462903E+03  5.2108017E-14
 -2.7408760E+03  5.4189929E-14
 -2.7354258E+03  5.3792352E-14
 -2.7299937E+03  5.1642040E-14
 -2.7245615E+03  5.1663829E-14
 -2.7191650E+03  5.5528949E-14
 -2.7137329E+03  5.2527163E-14
 -2.7083008E+03  5.2167245E-14
 -2.7028506E+03  5.4199179E-14
 -2.6974363E+03  5.0800784E-14
 -2.6920042E+03  5.1421497E-14
 -2.6865720E+03  5.2317759E-14
 -2.6811399E+03  5.1230111E-14
 -2.6756897E+03  5.2441565E-14
 -2.6702754E+03  5.5330052E-14
 -2.6648433E+03  5.4168316E-14
 -2.6594111E+03  5.4435236E-14
 -2.6539788E+03  5.4336344E-14
 -2.6485645E+03  5.5814775E-14
 -2.6431145E+03  5.6968061E-14
 -2.6376824E+03  5.4745837E-14
 -2.6322502E+03  5.4109911E-14
 -2.6268000E+03  5.5218867E-14
 -2.6214036E+03  5.5857344E-14
 -2.6159536E+03  5.7573575E-14
 -2.6105215E+03  5.8775996E-14
 -2.6050891E+03  5.5031995E-14
 -2.5996748E+03  5.6034340E-14
 -2.5942249E+03  5.9549086E-14
 -2.5887927E+03  5.9093294E-14
 -2.5833606E+03  5.5634513E-14
 -2.5779282E+03  5.5848965E-14
 -2.5725139E+03  5.9849092E-14
 -2.5670640E+03  5.8875132E-14
 -2.5616318E+03  5.6491802E-14
 -2.5561995E+03  5.5591758E-14
 -2.5507852E+03  5.6756659E-14
 -2.5453530E+03  5.5411157E-14
 -2.5399031E+03  5.5628875E-14
 -2.5344529E+03  5.4736831E-14
 -2.5290029E+03  5.7087832E-14
 -2.5235886E+03  5.9406242E-14
 -2.5181565E+03  5.7910071E-14
 -2.5127241E+03  5.9863993E-14
 -2.5072920E+03  5.5558792E-14
 -2.5018777E+03  5.6301585E-14
 -2.4964277E+03  5.8491914E-14
 -2.4909956E+03  6.1379063E-14
 -2.4855632E+03  5.9407293E-14
 -2.4801311E+03  5.8143404E-14
 -2.4746812E+03  6.0564685E-14
 -2.4692488E+03  6.0623131E-14
 -2.4638167E+03  5.7822555E-14
 -2.4583667E+03  5.8353428E-14
 -2.4529702E+03  5.9646576E-14
 -2.4475203E+03  5.9926355E-14
 -2.4420879E+03  5.8338635E-14
 -2.4366201E+03  5.9141765E-14
 -2.4311880E+03  6.0436234E-14
 -2.4257737E+03  6.0138282E-14
 -2.4203413E+03  6.1986420E-14
 -2.4149092E+03  6.0748444E-14
 -2.4094592E+03  6.2284501E-14
 -2.4040269E+03  6.0506071E-14
 -2.3985947E+03  6.1468144E-14
 -2.3931448E+03  5.8179522E-14
 -2.3877126E+03  6.0296101E-14
 -2.3822803E+03  6.1193760E-14
 -2.3768660E+03  6.4038815E-14
 -2.3713982E+03  6.1799476E-14
 -2.3659658E+03  6.3039865E-14
 -2.3605337E+03  6.4495365E-14
 -2.3551194E+03  6.1923631E-14
 -2.3496516E+03  6.0268542E-14
 -2.3442192E+03  6.8404687E-14
 -2.3387871E+03  6.5382758E-14
 -2.3333372E+03  6.4626669E-14
 -2.3279407E+03  6.3679957E-14
 -2.3224727E+03  6.8312028E-14
 -2.3170405E+03  6.4880623E-14
 -2.3115906E+03  6.5512029E-14
 -2.3061763E+03  6.3395286E-14
 -2.3007261E+03  6.3641055E-14
 -2.2952939E+03  6.3688177E-14
 -2.2898440E+03  6.6751495E-14
 -2.2844297E+03  6.5184051E-14
 -2.2789795E+03  6.6923396E-14
 -2.2735295E+03  6.9056543E-14
 -2.2680974E+03  6.6386600E-14
 -2.2626472E+03  6.6749774E-14
 -2.2572329E+03  6.3616010E-14
 -2.2517830E+03  6.3479332E-14
 -2.2463506E+03  6.2882337E-14
 -2.2409006E+03  6.4046018E-14
 -2.2354863E+03  6.6198220E-14
 -2.2300364E+03  6.6643868E-14
 -2.2245862E+03  6.9911911E-14
 -2.2191362E+03  6.4708852E-14
 -2.2137041E+03  6.6665037E-14
 -2.2082717E+03  6.9758557E-14
 -2.2028396E+03  6.5167137E-14
 -2.1973896E+03  6.6548953E-14
 -2.1919395E+03  6.5870134E-14
 -2.1865251E+03  7.1126617E-14
 -2.1810752E+03  7.0658885E-14
 -2.1756250E+03  6.7842901E-14
 -2.1701929E+03  6.8294823E-14
 -2.1647429E+03  6.9485677E-14
 -2.1593108E+03  6.7237055E-14
 -2.1538784E+03  6.9893140E-14
 -2.1484106E+03  7.2249559E-14
 -2.1429785E+03  7.1270972E-14
 -2.1375640E+03  6.0175660E-14
 -2.1320962E+03  6.5432848E-14
 -2.1266641E+03  7.0887035E-14
 -2.1212139E+03  7.2655410E-14
 -2.1157639E+03  7.1936028E-14
 -2.1103496E+03  7.0739645E-14
 -2.1048994E+03  7.1878335E-14
 -2.0994495E+03  7.2547613E-14
 -2.0939995E+03  7.3856496E-14
 -2.0885852E+03  7.0788339E-14
 -2.0831528E+03  7.6771976E-14
 -2.0776851E+03  7.6715977E-14
 -2.0722527E+03  7.5077334E-14
 -2.0667849E+03  7.6333268E-14
 -2.0613706E+03  7.5444852E-14
 -2.0559204E+03  7.4113845E-14
 -2.0504705E+03  7.7716127E-14
 -2.0450204E+03  7.9002011E-14
 -2.0396061E+03  7.7722917E-14
 -2.0341740E+03  7.7709432E-14
 -2.0287059E+03  7.9533134E-14
 -2.0232738E+03  7.7061980E-14
 -2.0178059E+03  7.9448919E-14
 -2.0123916E+03  7.9636893E-14
 -2.0069415E+03  8.0075839E-14
 -2.0014915E+03  8.2048483E-14
 -1.9960414E+03  7.9497119E-14
 -1.9906271E+03  8.0916515E-14
 -1.9851592E+03  8.0302904E-14
 -1.9797271E+03  8.1163476E-14
 -1.9742590E+03  8.1459369E-14
 -1.9688269E+03  8.0780285E-14
 -1.9633947E+03  8.0881584E-14
 -1.9579625E+03  8.2274058E-14
 -1.9524946E+03  8.1825287E-14
 -1.9470267E+03  8.1815617E-14
 -1.9416124E+03  8.2116083E-14
 -1.9361624E+03  8.6121506E-14
 -1.9307301E+03  8.7907193E-14
 -1.9252622E+03  8.8213176E-14
 -1.9198479E+03  8.6855727E-14
 -1.9143800E+03  8.2954578E-14
 -1.9089478E+03  8.4244691E-14
 -1.9034977E+03  8.2843068E-14
 -1.8980298E+03  8.6829408E-14
 -1.8926155E+03  8.4939285E-14
 -1.8871476E+03  8.7266464E-14
 -1.8817155E+03  8.7322334E-14
 -1.8762654E+03  8.8258746E-14
 -1.8708511E+03  8.8654595E-14
 -1.8653831E+03  8.9780844E-14
 -1.8599331E+03  8.7754938E-14
 -1.8544830E+03  8.7974583E-14
 -1.8490330E+03  8.9061564E-14
 -1.8435829E+03  9.0559572E-14
 -1.8381508E+03  9.2223843E-14
 -1.8327007E+03  9.5441836E-14
 -1.8272506E+03  8.9577027E-14
 -1.8218185E+03  9.0761708E-14
 -1.8163505E+03  8.7896880E-14
 -1.8109183E+03  9.3425803E-14
 -1.8054683E+03  9.4080458E-14
 -1.8000004E+03  9.2747363E-14
 -1.7945861E+03  9.0830589E-14
 -1.7891182E+03  9.4381331E-14
 -1.7836681E+03  9.6846942E-14
 -1.7782358E+03  9.3411803E-14
 -1.7727859E+03  9.1124394E-14
 -1.7673358E+03  9.1353689E-14
 -1.7618857E+03  9.3986437E-14
 -1.7564357E+03  9.4181343E-14
 -1.7509678E+03  9.2499915E-14
 -1.7455535E+03  9.5371024E-14
 -1.7401034E+03  9.8310838E-14
 -1.7346355E+03  9.5713104E-14
 -1.7292032E+03  9.5101796E-14
 -1.7237711E+03  9.4758423E-14
 -1.7183032E+03  9.4776285E-14
 -1.7128531E+03  9.3699998E-14
 -1.7074031E+03  9.6319315E-14
 -1.7019530E+03  9.5996345E-14
 -1.6965029E+03  9.7947448E-14
 -1.6910530E+03  9.9052189E-14
 -1.6856207E+03  9.7237749E-14
 -1.6801528E+03  1.0003144E-13
 -1.6747206E+03  9.7583000E-14
 -1.6692527E+03  9.7548427E-14
 -1.6638206E+03  1.0147352E-13
 -1.6583527E+03  1.0219894E-13
 -1.6529026E+03  1.0128188E-13
 -1.6474525E+03  1.0280388E-13
 -1.6420203E+03  1.0015690E-13
 -1.6365703E+03  1.0067239E-13
 -1.6311023E+03  1.0234242E-13
 -1.6256702E+03  1.0764553E-13
 -1.6202201E+03  1.0026924E-13
 -1.6147700E+03  1.0127629E-13
 -1.6093021E+03  1.0444794E-13
 -1.6038700E+03  1.0682732E-13
 -1.5984020E+03  1.0400543E-13
 -1.5929520E+03  1.0497241E-13
 -1.5875198E+03  1.0650386E-13
 -1.5820519E+03  1.0770764E-13
 -1.5766198E+03  1.1212328E-13
 -1.5711517E+03  1.0916897E-13
 -1.5657017E+03  1.1255699E-13
 -1.5602517E+03  1.1244961E-13
 -1.5548195E+03  1.1225984E-13
 -1.5493516E+03  1.1223045E-13
 -1.5439015E+03  1.1656890E-13
 -1.5384336E+03  1.1789539E-13
 -1.5329835E+03  1.2043009E-13
 -1.5275334E+03  1.2310765E-13
 -1.5221013E+03  1.2042598E-13
 -1.5166512E+03  1.1628057E-13
 -1.5111833E+03  1.1537930E-13
 -1.5057511E+03  1.1872826E-13
 -1.5002832E+03  1.2256061E-13
 -1.4948331E+03  1.2180892E-13
 -1.4893652E+03  1.1904950E-13
 -1.4838973E+03  1.2147237E-13
 -1.4784651E+03  1.2016645E-13
 -1.4730151E+03  1.2381978E-13
 -1.4675651E+03  1.2478336E-13
 -1.4621150E+03  1.3036951E-13
 -1.4566829E+03  1.2889865E-13
 -1.4512148E+03  1.2370430E-13
 -1.4457469E+03  1.2782742E-13
 -1.4402969E+03  1.3292268E-13
 -1.4348290E+03  1.2974805E-13
 -1.4293969E+03  1.3232982E-13
 -1.4239288E+03  1.3440437E-13
 -1.4184789E+03  1.3926044E-13
 -1.4130109E+03  1.3885300E-13
 -1.4075787E+03  1.4147493E-13
 -1.4021108E+03  1.4556752E-13
 -1.3966608E+03  1.4802760E-13
 -1.3911929E+03  1.4774704E-13
 -1.3857428E+03  1.4470162E-13
 -1.3802927E+03  1.4937666E-13
 -1.3748427E+03  1.6085852E-13
 -1.3693748E+03  1.5882108E-13
 -1.3639247E+03  1.5682875E-13
 -1.3584746E+03  1.6477100E-13
 -1.3530247E+03  1.7029280E-13
 -1.3475566E+03  1.7434364E-13
 -1.3421066E+03  1.8030739E-13
 -1.3366566E+03  1.8465325E-13
 -1.3312065E+03  1.8032730E-13
 -1.3257386E+03  1.7677774E-13
 -1.3202886E+03  1.9551250E-13
 -1.3148207E+03  2.0284109E-13
 -1.3093884E+03  2.0676738E-13
 -1.3039205E+03  2.1188956E-13
 -1.2984705E+03  2.2080811E-13
 -1.2930026E+03  2.2674957E-13
 -1.2875703E+03  2.1733974E-13
 -1.2821024E+03  2.2756553E-13
 -1.2766523E+03  2.2922899E-13
 -1.2711844E+03  2.3574954E-13
 -1.2657166E+03  2.4374746E-13
 -1.2602844E+03  2.4285522E-13
 -1.2548344E+03  2.4139103E-13
 -1.2493663E+03  2.4727654E-13
 -1.2438806E+03  2.4756529E-13
 -1.2384484E+03  2.3777738E-13
 -1.2329805E+03  2.4378345E-13
 -1.2275304E+03  2.4962449E-13
 -1.2220625E+03  2.5259964E-13
 -1.2166124E+03  2.5038202E-13
 -1.2111625E+03  2.5387605E-13
 -1.2057124E+03  2.6737873E-13
 -1.2002445E+03  2.7249340E-13
 -1.1947587E+03  2.7356570E-13
 -1.1893264E+03  2.8133613E-13
 -1.1838585E+03  2.8345273E-13
 -1.1784084E+03  2.9120478E-13
 -1.1729406E+03  2.9477839E-13
 -1.1674905E+03  2.9748605E-13
 -1.1620405E+03  3.0422637E-13
 -1.1565725E+03  3.0781069E-13
 -1.1511046E+03  3.1786290E-13
 -1.1456367E+03  3.1844143E-13
 -1.1402045E+03  3.2699041E-13
 -1.1347545E+03  3.3359228E-13
 -1.1292865E+03  3.3610926E-13
 -1.1238008E+03  3.3562749E-13
 -1.1183507E+03  3.4507886E-13
 -1.1129006E+03  3.4899023E-13
 -1.1074506E+03  3.3330175E-13
 -1.1019827E+03  3.5065980E-13
 -1.0964969E+03  3.5362590E-13
 -1.0910647E+03  3.5965019E-13
 -1.0855968E+03  3.5961772E-13
 -1.0801467E+03  3.6973544E-13
 -1.0746788E+03  3.6799611E-13
 -1.0692288E+03  3.7247058E-13
 -1.0637609E+03  3.8289681E-13
 -1.0583108E+03  3.7588197E-13
 -1.0528429E+03  3.8992813E-13
 -1.0473571E+03  3.9159176E-13
 -1.0419249E+03  3.9271865E-13
 -1.0364570E+03  3.9556395E-13
 -1.0310070E+03  3.9862937E-13
 -1.0255211E+03  3.9624697E-13
 -1.0200889E+03  3.9802967E-13
 -1.0146210E+03  4.0405252E-13
 -1.0091531E+03  4.0730226E-13
 -1.0036852E+03  4.0462910E-13
 -9.9821729E+02  4.0862967E-13
 -9.9278510E+02  4.0984580E-13
 -9.8729932E+02  4.1543638E-13
 -9.8183136E+02  4.1127789E-13
 -9.7638135E+02  4.0959236E-13
 -9.7093127E+02  4.1387643E-13
 -9.6544550E+02  4.1722623E-13
 -9.5999542E+02  4.2300213E-13
 -9.5452753E+02  4.2837535E-13
 -9.4904169E+02  4.2741667E-13
 -9.4360956E+02  4.2717595E-13
 -9.3815948E+02  4.2968271E-13
 -9.3267371E+02  4.2625178E-13
 -9.2720575E+02  4.2587865E-13
 -9.2177356E+02  4.2880266E-13
 -9.1628778E+02  4.2645423E-13
 -9.1081989E+02  4.2309464E-13
 -9.0536981E+02  4.1976917E-13
 -8.9988403E+02  4.2532579E-13
 -8.9445184E+02  4.1688530E-13
 -8.8896606E+02  4.1421125E-13
 -8.8349811E+02  4.1155580E-13
 -8.7804810E+02  4.1459159E-13
 -8.7258014E+02  4.1397959E-13
 -8.6713013E+02  3.9966863E-13
 -8.6166217E+02  4.0834271E-13
 -8.5617639E+02  4.0655391E-13
 -8.5074420E+02  4.0231696E-13
 -8.4525842E+02  3.9457676E-13
 -8.3979053E+02  3.9436672E-13
 -8.3434045E+02  4.0736059E-13
 -8.2885468E+02  4.0168387E-13
 -8.2342249E+02  4.1295653E-13
 -8.1793671E+02  4.0299337E-13
 -8.1246875E+02  4.0997435E-13
 -8.0698297E+02  4.1337978E-13
 -8.0155078E+02  4.1300418E-13
 -7.9608289E+02  4.1371943E-13
 -7.9061493E+02  4.0601875E-13
 -7.8514703E+02  4.1018721E-13
 -7.7966125E+02  4.1646469E-13
 -7.7422906E+02  4.1635567E-13
 -7.6874329E+02  4.1896339E-13
 -7.6327533E+02  4.2197796E-13
 -7.5780743E+02  4.2509523E-13
 -7.5235736E+02  4.1996997E-13
 -7.4687158E+02  4.1481803E-13
 -7.4142151E+02  4.2399718E-13
 -7.3593573E+02  4.2409986E-13
 -7.3046783E+02  4.2844146E-13
 -7.2501776E+02  4.2570575E-13
 -7.1954987E+02  4.2573502E-13
 -7.1406403E+02  4.3170589E-13
 -7.0861401E+02  4.2926028E-13
 -7.0314606E+02  4.3395569E-13
 -6.9769604E+02  4.3349970E-13
 -6.9221027E+02  4.3509751E-13
 -6.8674231E+02  4.4150249E-13
 -6.8125653E+02  4.3877307E-13
 -6.7582434E+02  4.3865787E-13
 -6.7033856E+02  4.5138985E-13
 -6.6488849E+02  4.4584209E-13
 -6.5940271E+02  4.2320986E-13
 -6.5395264E+02  4.1624430E-13
 -6.4848474E+02  4.1992085E-13
 -6.4299896E+02  4.2470129E-13
 -6.3753101E+02  4.2936808E-13
 -6.3208099E+02  4.4154646E-13
 -6.2661304E+02  4.4123079E-13
 -6.2112726E+02  4.2827829E-13
 -6.1567719E+02  4.3235047E-13
 -6.1019141E+02  4.4159010E-13
 -6.0472351E+02  4.3841035E-13
 -5.9925555E+02  4.3986261E-13
 -5.9378766E+02  4.3827661E-13
 -5.8831976E+02  4.3771139E-13
 -5.8285181E+02  4.4712178E-13
 -5.7738391E+02  4.5552825E-13
 -5.7191595E+02  4.5055035E-13
 -5.6643018E+02  4.6010835E-13
 -5.6098010E+02  4.5811364E-13
 -5.5551221E+02  4.6112300E-13
 -5.5002643E+02  4.6041084E-13
 -5.4457635E+02  4.6111422E-13
 -5.3909058E+02  4.5799952E-13
 -5.3362268E+02  4.6427407E-13
 -5.2817261E+02  4.7126083E-13
 -5.2268683E+02  4.8319682E-13
 -5.1720099E+02  4.4913295E-13
 -5.1173309E+02  4.4965561E-13
 -5.0628305E+02  4.5710359E-13
 -5.0079724E+02  4.5589585E-13
 -4.9532935E+02  4.5576368E-13
 -4.8984354E+02  4.7556848E-13
 -4.8439349E+02  4.5608580E-13
 -4.7892557E+02  4.4170264E-13
 -4.7343979E+02  4.4632326E-13
 -4.6795398E+02  4.5534025E-13
 -4.6250394E+02  4.4499200E-13
 -4.5703601E+02  4.5672114E-13
 -4.5155023E+02  4.5238577E-13
 -4.4606442E+02  4.5310294E-13
 -4.4061438E+02  4.4913975E-13
 -4.3514645E+02  4.5245445E-13
 -4.2966068E+02  4.4632638E-13
 -4.2419275E+02  4.3486531E-13
 -4.1872482E+02  4.2623395E-13
 -4.1325690E+02  4.2244490E-13
 -4.0778900E+02  4.2994574E-13
 -4.0230319E+02  4.2772377E-13
 -3.9683527E+02  4.3996480E-13
 -3.9134949E+02  4.2742646E-13
 -3.8589944E+02  4.3373272E-13
 -3.8041364E+02  4.3944923E-13
 -3.7494571E+02  4.4417169E-13
 -3.6945993E+02  4.5271610E-13
 -3.6400989E+02  4.3233407E-13
 -3.5852408E+02  4.2979249E-13
 -3.5305618E+02  4.3393761E-13
 -3.4757037E+02  4.3060992E-13
 -3.4210245E+02  4.2486541E-13
 -3.3663452E+02  4.3181173E-13
 -3.3114874E+02  4.2708334E-13
 -3.2569870E+02  4.1010869E-13
 -3.2021289E+02  4.0913017E-13
 -3.1474500E+02  4.1250889E-13
 -3.0925919E+02  4.1008898E-13
 -3.0377341E+02  4.0852367E-13
 -2.9828760E+02  4.0974971E-13
 -2.9283755E+02  4.1573025E-13
 -2.8736963E+02  4.1661642E-13
 -2.8188385E+02  4.0996994E-13
 -2.7641592E+02  4.1464675E-13
 -2.7093015E+02  4.0627058E-13
 -2.6546222E+02  4.0873126E-13
 -2.5997641E+02  4.1294577E-13
 -2.5452637E+02  4.0792676E-13
 -2.4904059E+02  4.1134265E-13
 -2.4357266E+02  4.1416629E-13
 -2.3808687E+02  4.0998617E-13
 -2.3260107E+02  4.0232184E-13
 -2.2713316E+02  3.9870201E-13
 -2.2164737E+02  3.9929494E-13
 -2.1617944E+02  3.9714678E-13
 -2.1069366E+02  3.9291834E-13
 -2.0524361E+02  3.9721454E-13
 -1.9975781E+02  4.0043096E-13
 -1.9428989E+02  3.8517860E-13
 -1.8880411E+02  3.7492904E-13
 -1.8333618E+02  3.7796497E-13
 -1.7785039E+02  3.8159940E-13
 -1.7236461E+02  3.8386511E-13
 -1.6689668E+02  3.8703085E-13
 -1.6141089E+02  3.8159615E-13
 -1.5592509E+02  3.6599104E-13
 -1.5045718E+02  3.6663931E-13
 -1.4498926E+02  3.7189067E-13
 -1.3950346E+02  3.7103567E-13
 -1.3401767E+02  3.6926920E-13
 -1.2853189E+02  3.5978894E-13
 -1.2304610E+02  3.5755261E-13
 -1.1759605E+02  3.5067633E-13
 -1.1211025E+02  3.5867641E-13
 -1.0662447E+02  3.6176861E-13
 -1.0117441E+02  3.5718520E-13
 -9.5706490E+01  3.6690521E-13
 -9.0220703E+01  3.6245261E-13
 -8.4734909E+01  3.4780932E-13
 -7.9249123E+01  3.5001581E-13
 -7.3745461E+01  3.4807227E-13
 -6.8295410E+01  3.5223110E-13
 -6.2809616E+01  3.3831575E-13
 -5.7323826E+01  3.4196840E-13
 -5.1838036E+01  3.4729817E-13
 -4.6370117E+01  3.4500991E-13
 -4.0902195E+01  3.4096784E-13
 -3.5416405E+01  3.3689696E-13
 -2.9930614E+01  3.3141919E-13
 -2.4462694E+01  3.4197731E-13
 -1.8976904E+01  3.4219741E-13
 -1.3491113E+01  3.4570304E-13
 -8.0231915E+00  3.3917780E-13
 -2.5374014E+00  3.5414323E-13
  2.9305198E+00  3.6092727E-13
  8.3984413E+00  3.5716032E-13
  1.3902101E+01  3.6303252E-13
  1.9370022E+01  3.6903691E-13
  2.4837942E+01  3.5393818E-13
  3.0341602E+01  3.4902382E-13
  3.5845261E+01  3.4883470E-13
  4.1313183E+01  3.4286224E-13
  4.6781105E+01  3.3983103E-13
  5.2249023E+01  3.4987855E-13
  5.7752686E+01  3.4508426E-13
  6.3220604E+01  3.3448925E-13
  6.8724266E+01  3.3289338E-13
  7.4156448E+01  3.4143069E-13
  7.9660110E+01  3.3740610E-13
  8.5163765E+01  3.3485573E-13
  9.0631691E+01  3.4235662E-13
  9.6135345E+01  3.4477916E-13
  1.0156753E+02  3.4037047E-13
  1.0707119E+02  3.3806928E-13
  1.1253911E+02  3.3766978E-13
  1.1804277E+02  3.3646114E-13
  1.2351069E+02  3.4075984E-13
  1.2901434E+02  3.3900459E-13
  1.3448227E+02  3.4530495E-13
  1.3998593E+02  3.4183881E-13
  1.4541812E+02  3.3239283E-13
  1.5092177E+02  3.3797902E-13
  1.5642543E+02  3.3216417E-13
  1.6189336E+02  3.2720612E-13
  1.6739702E+02  3.2900765E-13
  1.7286493E+02  3.2786553E-13
  1.7836859E+02  3.2420494E-13
  1.8383652E+02  3.2087457E-13
  1.8930444E+02  3.2469193E-13
  1.9477235E+02  3.2442555E-13
  2.0027602E+02  3.2250342E-13
  2.0577968E+02  3.1372938E-13
  2.1124760E+02  3.0836615E-13
  2.1675125E+02  3.1034658E-13
  2.2218344E+02  3.0478606E-13
  2.2772284E+02  2.9830630E-13
  2.3319077E+02  2.9385346E-13
  2.3865868E+02  2.9845123E-13
  2.4412660E+02  3.0324720E-13
  2.4963026E+02  3.0252594E-13
  2.5513393E+02  3.0003438E-13
  2.6060184E+02  2.9754392E-13
  2.6610550E+02  2.9829120E-13
  2.7157343E+02  2.9962133E-13
  2.7704135E+02  3.0004821E-13
  2.8254501E+02  3.0668968E-13
  2.8804868E+02  3.1322631E-13
  2.9351657E+02  3.1343314E-13
  2.9898450E+02  3.2144749E-13
  3.0448816E+02  3.2096987E-13
  3.0999182E+02  3.1404222E-13
  3.1545975E+02  3.0687529E-13
  3.2096341E+02  3.0596158E-13
  3.2643134E+02  3.0113688E-13
  3.3193500E+02  2.9661671E-13
  3.3743863E+02  2.9770872E-13
  3.4287082E+02  2.9632213E-13
  3.4837448E+02  2.9846386E-13
  3.5387814E+02  2.9277408E-13
  3.5934607E+02  2.8884363E-13
  3.6481400E+02  2.8737955E-13
  3.7031766E+02  2.8095554E-13
  3.7582132E+02  2.9009333E-13
  3.8128922E+02  2.8181149E-13
  3.8679288E+02  2.8550648E-13
  3.9226080E+02  2.8246754E-13
  3.9776447E+02  2.7810190E-13
  4.0326813E+02  2.7395339E-13
  4.0873605E+02  2.7184342E-13
  4.1420398E+02  2.6914346E-13
  4.1970764E+02  2.6879196E-13
  4.2517554E+02  2.6259984E-13
  4.3067920E+02  2.6238660E-13
  4.3618286E+02  2.5722252E-13
  4.4165079E+02  2.5933934E-13
  4.4715445E+02  2.5642569E-13
  4.5265811E+02  2.5911378E-13
  4.5812604E+02  2.4700763E-13
  4.6359396E+02  2.5191036E-13
  4.6909760E+02  2.5403239E-13
  4.7456552E+02  2.4780804E-13
  4.8010492E+02  2.4564034E-13
  4.8553711E+02  2.4758020E-13
  4.9104077E+02  2.4490566E-13
  4.9654443E+02  2.4228368E-13
  5.0204810E+02  2.3809516E-13
  5.0751602E+02  2.3420708E-13
  5.1301965E+02  2.3750292E-13
  5.1848761E+02  2.3602759E-13
  5.2399127E+02  2.3361765E-13
  5.2949493E+02  2.3090522E-13
  5.3496283E+02  2.2898892E-13
  5.4046649E+02  2.2972206E-13
  5.4593439E+02  2.2764150E-13
  5.5143805E+02  2.3031124E-13
  5.5694171E+02  2.3216409E-13
  5.6240967E+02  2.3385956E-13
  5.6791333E+02  2.3467277E-13
  5.7341699E+02  2.4261946E-13
  5.7892065E+02  2.4365744E-13
  5.8435278E+02  2.3522742E-13
  5.8989221E+02  2.2917979E-13
  5.9536011E+02  2.3178223E-13
  6.0086377E+02  2.2504555E-13
  6.0636743E+02  2.2521552E-13
  6.1183539E+02  2.2168179E-13
  6.1730328E+02  2.2195578E-13
  6.2284271E+02  2.2446601E-13
  6.2831061E+02  2.2158654E-13
  6.3377850E+02  2.2027069E-13
  6.3928217E+02  2.2455548E-13
  6.4478583E+02  2.2085284E-13
  6.5028949E+02  2.1893219E-13
  6.5575745E+02  2.1222938E-13
  6.6126111E+02  2.1236443E-13
  6.6676477E+02  2.1157891E-13
  6.7223267E+02  2.0920487E-13
  6.7773633E+02  2.0837112E-13
  6.8320422E+02  2.1475741E-13
  6.8870789E+02  2.0977450E-13
  6.9421155E+02  2.0545963E-13
  6.9971521E+02  2.0407611E-13
  7.0518317E+02  2.0637635E-13
  7.1068683E+02  2.0580247E-13
  7.1619049E+02  2.0483318E-13
  7.2169415E+02  1.9691383E-13
  7.2716205E+02  2.0097131E-13
  7.3266571E+02  2.0216421E-13
  7.3816937E+02  2.0096064E-13
  7.4363727E+02  1.9947695E-13
  7.4914093E+02  2.0174674E-13
  7.5464459E+02  1.9782082E-13
  7.6011255E+02  2.0083481E-13
  7.6561621E+02  1.9708962E-13
  7.7111987E+02  1.9196340E-13
  7.7662347E+02  1.9744062E-13
  7.8209143E+02  1.9602825E-13
  7.8759509E+02  1.9813746E-13
  7.9309875E+02  1.9581693E-13
  7.9860242E+02  1.9149862E-13
  8.0407031E+02  1.8906651E-13
  8.0957397E+02  1.9427306E-13
  8.1507764E+02  1.9417967E-13
  8.2058130E+02  1.9371570E-13
  8.2604919E+02  1.9409496E-13
  8.3155286E+02  1.9597996E-13
  8.3705652E+02  1.9377325E-13
  8.4256018E+02  1.8962769E-13
  8.4806384E+02  1.8774504E-13
  8.5353180E+02  1.8970823E-13
  8.5903546E+02  1.8852903E-13
  8.6453912E+02  1.8979547E-13
  8.7004279E+02  1.9067648E-13
  8.7551068E+02  1.8464363E-13
  8.8101434E+02  1.8394649E-13
  8.8651801E+02  1.8765713E-13
  8.9202167E+02  1.9012024E-13
  8.9752533E+02  1.8689588E-13
  9.0299323E+02  1.8268159E-13
  9.0849689E+02  1.7818952E-13
  9.1400055E+02  1.7870576E-13
  9.1950421E+02  1.7991423E-13
  9.2497217E+02  1.7941455E-13
  9.3047577E+02  1.7828131E-13
  9.3597943E+02  1.7891159E-13
  9.4148309E+02  1.7846823E-13
  9.4698676E+02  1.7831317E-13
  9.5245471E+02  1.7774653E-13
  9.5795837E+02  1.7913007E-13
  9.6346204E+02  1.7688688E-13
  9.6900140E+02  1.7507572E-13
  9.7446936E+02  1.7288476E-13
  9.7993726E+02  1.7136002E-13
  9.8547662E+02  1.7755816E-13
  9.9098029E+02  1.7686063E-13
  9.9644824E+02  1.7596005E-13
  1.0019519E+03  1.7046019E-13
  1.0074556E+03  1.6790947E-13
  1.0129592E+03  1.6959218E-13
  1.0184629E+03  1.6741751E-13
  1.0239308E+03  1.6605241E-13
  1.0294344E+03  1.6890347E-13
  1.0349381E+03  1.7314771E-13
  1.0404418E+03  1.6629375E-13
  1.0459454E+03  1.6585865E-13
  1.0514491E+03  1.6551262E-13
  1.0569528E+03  1.6360832E-13
  1.0624564E+03  1.6589571E-13
  1.0679601E+03  1.6430787E-13
  1.0734280E+03  1.6436340E-13
  1.0789316E+03  1.5999902E-13
  1.0844353E+03  1.5940649E-13
  1.0899390E+03  1.5985332E-13
  1.0954426E+03  1.5788420E-13
  1.1009463E+03  1.5988717E-13
  1.1064500E+03  1.5892657E-13
  1.1119536E+03  1.5762806E-13
  1.1174215E+03  1.5738574E-13
  1.1229609E+03  1.5545559E-13
  1.1284646E+03  1.5989327E-13
  1.1339683E+03  1.5129563E-13
  1.1394719E+03  1.5818260E-13
  1.1449398E+03  1.5347924E-13
  1.1504435E+03  1.5719412E-13
  1.1559471E+03  1.5631959E-13
  1.1614508E+03  1.5329269E-13
  1.1669545E+03  1.5823509E-13
  1.1724581E+03  1.5354868E-13
  1.1779618E+03  1.4940229E-13
  1.1834655E+03  1.5125691E-13
  1.1889691E+03  1.5076222E-13
  1.1944728E+03  1.5059065E-13
  1.1999764E+03  1.5321982E-13
  1.2054801E+03  1.4802867E-13
  1.2109838E+03  1.4727256E-13
  1.2164517E+03  1.5000368E-13
  1.2219553E+03  1.4840944E-13
  1.2274948E+03  1.4428092E-13
  1.2329984E+03  1.4838963E-13
  1.2385021E+03  1.5129926E-13
  1.2439700E+03  1.4915760E-13
  1.2494736E+03  1.4445034E-13
  1.2549773E+03  1.4685967E-13
  1.2604810E+03  1.4991868E-13
  1.2659846E+03  1.4545270E-13
  1.2714883E+03  1.4641859E-13
  1.2769919E+03  1.4939471E-13
  1.2824956E+03  1.4641219E-13
  1.2879993E+03  1.4405918E-13
  1.2935029E+03  1.4283901E-13
  1.2990066E+03  1.4193579E-13
  1.3045459E+03  1.4103553E-13
  1.3100496E+03  1.4321487E-13
  1.3155176E+03  1.4390491E-13
  1.3210211E+03  1.4136427E-13
  1.3265248E+03  1.4182493E-13
  1.3320284E+03  1.4458337E-13
  1.3375321E+03  1.4055707E-13
  1.3430358E+03  1.4068721E-13
  1.3485752E+03  1.4103966E-13
  1.3540789E+03  1.4149544E-13
  1.3595825E+03  1.4215758E-13
  1.3650504E+03  1.4367235E-13
  1.3705541E+03  1.4227703E-13
  1.3760577E+03  1.4440592E-13
  1.3815614E+03  1.4295246E-13
  1.3871008E+03  1.3956256E-13
  1.3926045E+03  1.3586754E-13
  1.3981082E+03  1.4220543E-13
  1.4036118E+03  1.4070797E-13
  1.4090797E+03  1.3949870E-13
  1.4146191E+03  1.3962937E-13
  1.4201228E+03  1.4356393E-13
  1.4256265E+03  1.3979352E-13
  1.4311301E+03  1.4251861E-13
  1.4366338E+03  1.4533145E-13
  1.4421375E+03  1.3743771E-13
  1.4476411E+03  1.3869483E-13
  1.4531804E+03  1.4112345E-13
  1.4586484E+03  1.3919966E-13
  1.4641521E+03  1.3776071E-13
  1.4696914E+03  1.4109293E-13
  1.4751951E+03  1.4104301E-13
  1.4806987E+03  1.3899981E-13
  1.4861667E+03  1.3849402E-13
  1.4917061E+03  1.4121426E-13
  1.4972097E+03  1.4100414E-13
  1.5027134E+03  1.3821613E-13
  1.5082170E+03  1.3942127E-13
  1.5137565E+03  1.4654810E-13
  1.5192601E+03  1.4482338E-13
  1.5247638E+03  1.4051289E-13
  1.5302317E+03  1.3988306E-13
  1.5357711E+03  1.3897507E-13
  1.5412748E+03  1.3855342E-13
  1.5467784E+03  1.4256970E-13
  1.5522821E+03  1.4339928E-13
  1.5577858E+03  1.4315284E-13
  1.5632894E+03  1.4106302E-13
  1.5687931E+03  1.4540285E-13
  1.5743324E+03  1.4062670E-13
  1.5798361E+03  1.4424368E-13
  1.5853397E+03  1.4469062E-13
  1.5908434E+03  1.4669478E-13
  1.5963828E+03  1.4891442E-13
  1.6018865E+03  1.4864738E-13
  1.6073901E+03  1.4474380E-13
  1.6128938E+03  1.4648679E-13
  1.6183975E+03  1.5182808E-13
  1.6239369E+03  1.4612272E-13
  1.6294048E+03  1.4741406E-13
  1.6349084E+03  1.4666527E-13
  1.6404479E+03  1.4492827E-13
  1.6459515E+03  1.5050682E-13
  1.6514552E+03  1.5177013E-13
  1.6569589E+03  1.5253787E-13
  1.6624625E+03  1.5430302E-13
  1.6680018E+03  1.5408109E-13
  1.6735055E+03  1.5556569E-13
  1.6789735E+03  1.5801988E-13
  1.6845128E+03  1.6367914E-13
  1.6900165E+03  1.6249327E-13
  1.6955559E+03  1.6184676E-13
  1.7010238E+03  1.6452948E-13
  1.7065632E+03  1.6531194E-13
  1.7120669E+03  1.6327888E-13
  1.7175706E+03  1.6564425E-13
  1.7231100E+03  1.7009027E-13
  1.7286136E+03  1.6786343E-13
  1.7341173E+03  1.6828135E-13
  1.7396210E+03  1.7150750E-13
  1.7451246E+03  1.7357018E-13
  1.7506639E+03  1.7620515E-13
  1.7561676E+03  1.7510877E-13
  1.7616713E+03  1.7254590E-13
  1.7671749E+03  1.7378807E-13
  1.7727144E+03  1.7588570E-13
  1.7782180E+03  1.7577842E-13
  1.7837217E+03  1.7337725E-13
  1.7892253E+03  1.7741056E-13
  1.7947648E+03  1.8113508E-13
  1.8002684E+03  1.7866305E-13
  1.8057721E+03  1.7926905E-13
  1.8112758E+03  1.7983058E-13
  1.8168151E+03  1.8480600E-13
  1.8223187E+03  1.8370940E-13
  1.8278224E+03  1.8207315E-13
  1.8333260E+03  1.8479866E-13
  1.8388655E+03  1.9029930E-13
  1.8443691E+03  1.8814880E-13
  1.8498728E+03  1.9343418E-13
  1.8553765E+03  1.9736995E-13
  1.8609159E+03  1.9553747E-13
  1.8664196E+03  1.9455635E-13
  1.8719232E+03  1.9698850E-13
  1.8774269E+03  2.0244986E-13
  1.8829662E+03  2.0693518E-13
  1.8884698E+03  1.9812865E-13
  1.8940093E+03  2.0399784E-13
  1.8995129E+03  2.0476691E-13
  1.9050166E+03  2.0624537E-13
  1.9105560E+03  2.0921887E-13
  1.9160597E+03  2.0526880E-13
  1.9215634E+03  2.0918427E-13
  1.9270670E+03  2.1105521E-13
  1.9326063E+03  2.1318983E-13
  1.9381458E+03  2.1273119E-13
  1.9436136E+03  2.1069805E-13
  1.9491531E+03  2.1367395E-13
  1.9546567E+03  2.1397878E-13
  1.9601962E+03  2.1574523E-13
  1.9656998E+03  2.1760474E-13
  1.9712035E+03  2.1663524E-13
  1.9767429E+03  2.1471383E-13
  1.9822466E+03  2.1842059E-13
  1.9877502E+03  2.2097017E-13
  1.9932896E+03  2.1930874E-13
  1.9987932E+03  2.2221165E-13
  2.0042969E+03  2.2488383E-13
  2.0098363E+03  2.2113451E-13
  2.0153400E+03  2.1648198E-13
  2.0208436E+03  2.1943394E-13
  2.0263831E+03  2.1904329E-13
  2.0318867E+03  2.2310249E-13
  2.0374260E+03  2.2669284E-13
  2.0429297E+03  2.3116665E-13
  2.0484333E+03  2.2448165E-13
  2.0539729E+03  2.2306579E-13
  2.0594766E+03  2.2341376E-13
  2.0649802E+03  2.2339350E-13
  2.0705195E+03  2.2470663E-13
  2.0760232E+03  2.2234658E-13
  2.0815625E+03  2.2007469E-13
  2.0870662E+03  2.1921610E-13
  2.0925698E+03  2.2322525E-13
  2.0981094E+03  2.2406212E-13
  2.1036130E+03  2.1537260E-13
  2.1091523E+03  2.1502644E-13
  2.1146560E+03  2.1643569E-13
  2.1201953E+03  2.1140275E-13
  2.1256990E+03  2.1099156E-13
  2.1312385E+03  2.0920798E-13
  2.1367422E+03  2.1095076E-13
  2.1422458E+03  2.1374950E-13
  2.1477495E+03  2.1219577E-13
  2.1532888E+03  2.0826793E-13
  2.1588281E+03  2.1038676E-13
  2.1643318E+03  2.1129877E-13
  2.1698354E+03  2.0437032E-13
  2.1753750E+03  2.0423470E-13
  2.1809143E+03  2.0524455E-13
  2.1864180E+03  2.0715557E-13
  2.1919216E+03  2.0990265E-13
  2.1974253E+03  2.0928485E-13
  2.2029646E+03  2.0745095E-13
  2.2085042E+03  2.0832952E-13
  2.2140078E+03  2.0925015E-13
  2.2195471E+03  2.1023873E-13
  2.2250508E+03  2.1055376E-13
  2.2305903E+03  2.1267604E-13
  2.2360940E+03  2.0770980E-13
  2.2415977E+03  2.1339361E-13
  2.2471370E+03  2.1371621E-13
  2.2526763E+03  2.0929069E-13
  2.2581799E+03  2.0852191E-13
  2.2636836E+03  2.0857370E-13
  2.2692231E+03  2.0814191E-13
  2.2747625E+03  2.1369022E-13
  2.2802661E+03  2.1354312E-13
  2.2857698E+03  2.0764790E-13
  2.2913091E+03  2.1084386E-13
  2.2968486E+03  2.1112207E-13
  2.3023523E+03  2.1297706E-13
  2.3078560E+03  2.1058308E-13
  2.3133953E+03  2.1328174E-13
  2.3188989E+03  2.1364979E-13
  2.3244382E+03  2.1410960E-13
  2.3299778E+03  2.1385537E-13
  2.3354814E+03  2.1130570E-13
  2.3410208E+03  2.0978559E-13
  2.3465601E+03  2.1396402E-13
  2.3520637E+03  2.0974004E-13
  2.3575674E+03  2.0859138E-13
  2.3630710E+03  2.0471412E-13
  2.3686106E+03  2.0890416E-13
  2.3741499E+03  2.0635306E-13
  2.3796895E+03  2.0926267E-13
  2.3851931E+03  2.0951658E-13
  2.3906968E+03  2.1050575E-13
  2.3962361E+03  2.0807175E-13
  2.4017754E+03  2.0920750E-13
  2.4072791E+03  2.1035505E-13
  2.4128186E+03  2.1037779E-13
  2.4183579E+03  2.1181971E-13
  2.4238616E+03  2.1293456E-13
  2.4293652E+03  2.0992867E-13
  2.4349045E+03  2.1181749E-13
  2.4404441E+03  2.1761828E-13
  2.4459834E+03  2.1262138E-13
  2.4514871E+03  2.1305211E-13
  2.4569907E+03  2.1893858E-13
  2.4625300E+03  2.1544500E-13
  2.4680696E+03  2.1452306E-13
  2.4736089E+03  2.1275486E-13
  2.4791125E+03  2.1021253E-13
  2.4846162E+03  2.1673374E-13
  2.4901558E+03  2.1155971E-13
  2.4956951E+03  2.1409387E-13
  2.5012344E+03  2.0854701E-13
  2.5067380E+03  2.1387640E-13
  2.5122417E+03  2.0767550E-13
  2.5177812E+03  2.0647760E-13
  2.5233206E+03  2.1390696E-13
  2.5288242E+03  2.1104551E-13
  2.5343635E+03  2.1407560E-13
  2.5399031E+03  2.0787717E-13
  2.5454067E+03  2.0301915E-13
  2.5509460E+03  2.0565688E-13
  2.5564854E+03  2.0572660E-13
  2.5619890E+03  2.0410603E-13
  2.5675286E+03  2.0015849E-13
  2.5730679E+03  2.0300070E-13
  2.5785715E+03  2.0466131E-13
  2.5841111E+03  2.0611521E-13
  2.5896147E+03  2.0598188E-13
  2.5951541E+03  2.0191067E-13
  2.6006577E+03  2.0055535E-13
  2.6062329E+03  2.0065191E-13
  2.6117366E+03  1.9856707E-13
  2.6172759E+03  2.0101145E-13
  2.6228152E+03  2.0237463E-13
  2.6283188E+03  1.9846443E-13
  2.6338584E+03  1.9561563E-13
  2.6393621E+03  1.9923630E-13
  2.6449373E+03  2.0461027E-13
  2.6504407E+03  2.0657234E-13
  2.6559802E+03  2.0378111E-13
  2.6614839E+03  2.0534307E-13
  2.6670232E+03  2.0166269E-13
  2.6725269E+03  1.9791841E-13
  2.6781021E+03  1.9887946E-13
  2.6836057E+03  1.8948868E-13
  2.6891450E+03  1.9875608E-13
  2.6946846E+03  1.9986678E-13
  2.7001882E+03  1.9765620E-13
  2.7057275E+03  1.9230318E-13
  2.7112668E+03  1.9433326E-13
  2.7168064E+03  1.9368406E-13
  2.7223101E+03  2.0073667E-13
  2.7278494E+03  1.9045673E-13
  2.7333889E+03  1.9728521E-13
  2.7389282E+03  1.9421778E-13
  2.7444319E+03  1.9382495E-13
  2.7499712E+03  1.9821760E-13
  2.7554749E+03  1.9868039E-13
  2.7610500E+03  1.9429639E-13
  2.7665537E+03  1.9022667E-13
  2.7720930E+03  1.8877242E-13
  2.7775967E+03  1.8658091E-13
  2.7831719E+03  1.8378032E-13
  2.7886755E+03  1.8422865E-13
  2.7941792E+03  1.8615147E-13
  2.7997544E+03  1.8365661E-13
  2.8052937E+03  1.8668281E-13
  2.8107974E+03  1.8067252E-13
  2.8163369E+03  1.7830862E-13
  2.8218762E+03  1.8065401E-13
  2.8274155E+03  1.8002662E-13
  2.8329192E+03  1.8292189E-13
  2.8384944E+03  1.7722919E-13
  2.8439980E+03  1.7306043E-13
  2.8495374E+03  1.7519383E-13
  2.8550769E+03  1.7934432E-13
  2.8606162E+03  1.8201169E-13
  2.8661199E+03  1.7134024E-13
  2.8716235E+03  1.6709643E-13
  2.8771987E+03  1.6993649E-13
  2.8827380E+03  1.6958815E-13
  2.8882776E+03  1.7186601E-13
  2.8937812E+03  1.6856914E-13
  2.8993206E+03  1.7083654E-13
  2.9048599E+03  1.6759615E-13
  2.9103994E+03  1.6532557E-13
  2.9159031E+03  1.6491847E-13
  2.9214424E+03  1.6479621E-13
  2.9269817E+03  1.6430028E-13
  2.9325212E+03  1.6734293E-13
  2.9380605E+03  1.6836360E-13
  2.9435642E+03  1.6452727E-13
  2.9491394E+03  1.6444491E-13
  2.9546431E+03  1.5483475E-13
  2.9601824E+03  1.6337283E-13
  2.9657219E+03  1.6078530E-13
  2.9712612E+03  1.6014063E-13
  2.9768005E+03  1.5409894E-13
  2.9823401E+03  1.5931131E-13
  2.9878794E+03  1.6096765E-13
  2.9933831E+03  1.6228144E-13
  2.9989226E+03  1.6090265E-13
  3.0044619E+03  1.5499098E-13
  3.0100012E+03  1.6194802E-13
  3.0155408E+03  1.5917568E-13
  3.0210801E+03  1.5510772E-13
  3.0265837E+03  1.5904210E-13
  3.0321589E+03  1.6452383E-13
  3.0376626E+03  1.6857342E-13
  3.0432019E+03  1.6655816E-13
  3.0487412E+03  1.6505250E-13
  3.0542808E+03  1.6015216E-13
  3.0598201E+03  1.5702641E-13
  3.0653596E+03  1.5813186E-13
  3.0708989E+03  1.5867674E-13
  3.0764382E+03  1.5661722E-13
  3.0819778E+03  1.5378343E-13
  3.0874814E+03  1.5626847E-13
  3.0930208E+03  1.5393967E-13
  3.0985959E+03  1.5507799E-13
  3.1040996E+03  1.5701335E-13
  3.1096389E+03  1.5288152E-13
  3.1151785E+03  1.5766903E-13
  3.1207178E+03  1.5458903E-13
  3.1262571E+03  1.5523687E-13
  3.1317966E+03  1.6003553E-13
  3.1373003E+03  1.5730487E-13
  3.1428752E+03  1.5039203E-13
  3.1484148E+03  1.5372220E-13
  3.1539541E+03  1.6048538E-13
  3.1594937E+03  1.5891672E-13
  3.1649973E+03  1.5801572E-13
  3.1705723E+03  1.5602198E-13
  3.1760759E+03  1.5653992E-13
  3.1816511E+03  1.5583655E-13
  3.1871548E+03  1.5595590E-13
  3.1926941E+03  1.5281938E-13
  3.1982693E+03  1.5650017E-13
  3.2037729E+03  1.5496442E-13
  3.2093123E+03  1.4870005E-13
  3.2148518E+03  1.4906345E-13
  3.2203911E+03  1.4857749E-13
  3.2259663E+03  1.5175990E-13
  3.2314700E+03  1.5309490E-13
  3.2370093E+03  1.4735623E-13
  3.2425488E+03  1.4634352E-13
  3.2480881E+03  1.4675415E-13
  3.2536633E+03  1.4225115E-13
  3.2591670E+03  1.4404653E-13
  3.2647063E+03  1.4291902E-13
  3.2702815E+03  1.4500844E-13
  3.2757852E+03  1.3717524E-13
  3.2813245E+03  1.4325612E-13
  3.2868640E+03  1.4093307E-13
  3.2924033E+03  1.4415652E-13
  3.2979785E+03  1.4348891E-13
  3.3035178E+03  1.4014435E-13
  3.3090215E+03  1.4501051E-13
  3.3145610E+03  1.4835235E-13
  3.3201360E+03  1.4629304E-13
  3.3256755E+03  1.4994855E-13
  3.3311792E+03  1.4505336E-13
  3.3367542E+03  1.4676059E-13
  3.3422578E+03  1.4197152E-13
  3.3478330E+03  1.4368717E-13
  3.3533726E+03  1.4590948E-13
  3.3589119E+03  1.4459781E-13
  3.3644512E+03  1.4110055E-13
  3.3699907E+03  1.3944714E-13
  3.3755300E+03  1.4134791E-13
  3.3810693E+03  1.3910192E-13
  3.3866089E+03  1.3525980E-13
  3.3921482E+03  1.3666447E-13
  3.3977234E+03  1.4049913E-13
  3.4032271E+03  1.4200425E-13
  3.4087664E+03  1.3672517E-13
  3.4143416E+03  1.3214636E-13
  3.4198809E+03  1.3394610E-13
  3.4253845E+03  1.3193380E-13
  3.4309241E+03  1.2991417E-13
  3.4364990E+03  1.3190347E-13
  3.4420386E+03  1.3025606E-13
  3.4476138E+03  1.2925471E-13
  3.4531174E+03  1.2989979E-13
  3.4586567E+03  1.3060893E-13
  3.4641960E+03  1.2982502E-13
  3.4697712E+03  1.2625384E-13
  3.4753105E+03  1.2624557E-13
  3.4808142E+03  1.2716714E-13
  3.4863894E+03  1.2699694E-13
  3.4919290E+03  1.2561362E-13
  3.4974683E+03  1.2084719E-13
  3.5030076E+03  1.2337961E-13
  3.5085471E+03  1.2528155E-13
  3.5140864E+03  1.2075562E-13
  3.5196616E+03  1.2220121E-13
  3.5251653E+03  1.2418457E-13
  3.5307405E+03  1.2159993E-13
  3.5362798E+03  1.2076143E-13
  3.5418550E+03  1.2071664E-13
  3.5473586E+03  1.1747135E-13
  3.5528979E+03  1.1532461E-13
  3.5584731E+03  1.1484013E-13
  3.5640125E+03  1.1579427E-13
  3.5695520E+03  1.1994197E-13
  3.5750913E+03  1.1792417E-13
  3.5806306E+03  1.1383761E-13
  3.5862058E+03  1.1685138E-13
  3.5917451E+03  1.1414350E-13
  3.5972488E+03  1.1396545E-13
  3.6028240E+03  1.1778312E-13
  3.6083635E+03  1.1581507E-13
  3.6139028E+03  1.1442134E-13
  3.6194780E+03  1.1666860E-13
  3.6250173E+03  1.1633237E-13
  3.6305566E+03  1.1357297E-13
  3.6360962E+03  1.1361633E-13
  3.6416714E+03  1.0990253E-13
  3.6471750E+03  1.0943746E-13
  3.6527500E+03  1.1166464E-13
  3.6582896E+03  1.1338960E-13
  3.6638289E+03  1.1494294E-13
  3.6693682E+03  1.0905141E-13
  3.6749077E+03  1.0602005E-13
  3.6804470E+03  1.0820473E-13
  3.6860222E+03  1.0946731E-13
  3.6915615E+03  1.0798341E-13
  3.6971011E+03  1.0855327E-13
  3.7026404E+03  1.0571212E-13
  3.7082156E+03  1.0950429E-13
  3.7137549E+03  1.1082471E-13
  3.7192942E+03  1.0355346E-13
  3.7248337E+03  1.0320386E-13
  3.7304089E+03  1.0458986E-13
  3.7359482E+03  1.0403128E-13
  3.7414875E+03  1.0420318E-13
  3.7470271E+03  1.0113393E-13
  3.7526021E+03  1.0374853E-13
  3.7581416E+03  1.0181236E-13
  3.7636809E+03  1.0155956E-13
  3.7692205E+03  1.0140378E-13
  3.7747598E+03  1.0223830E-13
  3.7803706E+03  1.0550765E-13
  3.7859099E+03  1.0400339E-13
  3.7914495E+03  1.0358816E-13
  3.7969888E+03  1.0254133E-13
  3.8025283E+03  9.8604677E-14
  3.8081033E+03  9.8530782E-14
  3.8136428E+03  1.0344445E-13
  3.8191821E+03  1.0135124E-13
  3.8247214E+03  9.8113893E-14
  3.8302966E+03  9.9611298E-14
  3.8358362E+03  1.0017480E-13
  3.8413755E+03  1.0285719E-13
  3.8469148E+03  1.0180086E-13
  3.8524900E+03  9.9883962E-14
  3.8580652E+03  1.0082172E-13
  3.8635688E+03  9.8453682E-14
  3.8691440E+03  9.8977379E-14
  3.8746833E+03  1.0246720E-13
  3.8802585E+03  9.9446981E-14
  3.8857979E+03  1.0114358E-13
  3.8913372E+03  9.7929463E-14
  3.8968767E+03  1.0005799E-13
  3.9024519E+03  1.0119050E-13
  3.9079912E+03  9.9772390E-14
  3.9135305E+03  9.6643159E-14
  3.9191057E+03  9.8145579E-14
  3.9246450E+03  1.0063747E-13
  3.9301846E+03  9.6848622E-14
  3.9357598E+03  9.4274462E-14
  3.9412991E+03  9.7763703E-14
  3.9468743E+03  9.7543169E-14
  3.9524136E+03  9.5470649E-14
  3.9579529E+03  9.6559689E-14
  3.9634924E+03  9.7833864E-14
  3.9690676E+03  9.5619598E-14
  3.9746426E+03  9.6533736E-14
  3.9801821E+03  9.6521390E-14
  3.9857214E+03  9.8763899E-14
  3.9912607E+03  9.2860690E-14
  3.9968359E+03  9.4442696E-14
  4.0023755E+03  9.7326159E-14
  4.0079504E+03  9.9202839E-14
  4.0134900E+03  9.6570552E-14
  4.0190649E+03  9.1535889E-14
  4.0246045E+03  9.2406368E-14
  4.0301438E+03  9.2242620E-14
  4.0356833E+03  9.2926656E-14
  4.0412583E+03  9.4288706E-14
  4.0468335E+03  9.7705318E-14
  4.0523728E+03  9.8917504E-14
  4.0579124E+03  9.4306080E-14
  4.0634875E+03  9.6723363E-14
  4.0690269E+03  9.2157212E-14
  4.0745662E+03  9.3134471E-14
  4.0801414E+03  9.2123012E-14
  4.0856807E+03  9.0707329E-14
  4.0912559E+03  9.2664144E-14
  4.0967954E+03  9.3056327E-14
  4.1023706E+03  9.0808979E-14
  4.1079097E+03  8.8151200E-14
  4.1134492E+03  8.9726464E-14
  4.1190244E+03  9.1198018E-14
  4.1245996E+03  8.9126697E-14
  4.1301030E+03  8.8155550E-14
  4.1356782E+03  8.8623472E-14
  4.1412534E+03  9.1507985E-14
  4.1467930E+03  8.6745423E-14
  4.1523682E+03  8.8714321E-14
  4.1579072E+03  8.8163933E-14
  4.1634468E+03  9.0620897E-14
  4.1690220E+03  8.7947194E-14
  4.1745972E+03  8.5961071E-14
  4.1801362E+03  8.3357922E-14
  4.1857114E+03  8.5218779E-14
  4.1912510E+03  8.8445500E-14
  4.1967905E+03  8.9587727E-14
  4.2023657E+03  8.6616620E-14
  4.2079048E+03  8.6280341E-14
  4.2134443E+03  8.4980430E-14
  4.2190552E+03  8.5990846E-14
  4.2245947E+03  8.7100913E-14
  4.2301338E+03  8.5770915E-14
  4.2357090E+03  8.7605907E-14
  4.2412485E+03  8.5019794E-14
  4.2468237E+03  8.2673241E-14
  4.2523628E+03  8.5689072E-14
  4.2579380E+03  8.4806524E-14
  4.2634775E+03  8.4456185E-14
  4.2690527E+03  8.4470537E-14
  4.2746279E+03  8.3611740E-14
  4.2801313E+03  8.2069930E-14
  4.2857065E+03  8.2389709E-14
  4.2912817E+03  8.5716678E-14
  4.2968569E+03  8.4461884E-14
  4.3023965E+03  7.7365245E-14
  4.3079712E+03  7.8967011E-14
  4.3135107E+03  8.3446914E-14
  4.3190859E+03  8.0232458E-14
  4.3246255E+03  7.7647700E-14
  4.3302007E+03  7.7439296E-14
  4.3357397E+03  7.8142272E-14
  4.3413149E+03  7.8853245E-14
  4.3468901E+03  8.1182734E-14
  4.3524297E+03  8.1739865E-14
  4.3579688E+03  8.1960697E-14
  4.3635796E+03  8.0861180E-14
  4.3691191E+03  7.8317615E-14
  4.3746587E+03  7.8607930E-14
  4.3802339E+03  7.8665847E-14
  4.3858091E+03  7.7429762E-14
  4.3913481E+03  7.5724149E-14
  4.3969233E+03  7.5702418E-14
  4.4024629E+03  7.9241877E-14
  4.4080381E+03  8.0453378E-14
  4.4135771E+03  8.3403790E-14
  4.4191523E+03  8.1348299E-14
  4.4246919E+03  7.8555597E-14
  4.4302671E+03  8.0159234E-14
  4.4358423E+03  8.1356952E-14
  4.4414175E+03  8.1909814E-14
  4.4469565E+03  8.0559061E-14
  4.4524961E+03  7.7936010E-14
  4.4580713E+03  7.6950334E-14
  4.4636465E+03  7.6951209E-14
  4.4692217E+03  7.8934533E-14
  4.4747607E+03  7.5657186E-14
  4.4803359E+03  7.7268446E-14
  4.4859111E+03  7.9210882E-14
  4.4914507E+03  7.6100537E-14
  4.4969897E+03  7.7924402E-14
  4.5025649E+03  7.6248117E-14
  4.5081401E+03  7.7514574E-14
  4.5137153E+03  7.9426618E-14
  4.5192549E+03  7.3924909E-14
  4.5248301E+03  7.6566967E-14
  4.5304053E+03  7.6514472E-14
  4.5359443E+03  7.3208671E-14
  4.5415195E+03  7.4803560E-14
  4.5470591E+03  7.5597914E-14
  4.5526343E+03  7.7618603E-14
  4.5582095E+03  7.5484412E-14
  4.5637842E+03  7.4532584E-14
  4.5693237E+03  7.3096917E-14
  4.5748989E+03  7.4533444E-14
  4.5804741E+03  7.5595759E-14
  4.5860137E+03  7.5412617E-14
  4.5915884E+03  7.1680055E-14
  4.5971636E+03  7.2673218E-14
  4.6027031E+03  7.1714763E-14
  4.6082783E+03  7.5300599E-14
  4.6138535E+03  7.4960478E-14
  4.6193926E+03  7.3822072E-14
  4.6249678E+03  7.2032515E-14
  4.6305430E+03  7.3094911E-14
  4.6361182E+03  7.3912678E-14
  4.6416577E+03  7.3361544E-14
  4.6472329E+03  7.2756356E-14
  4.6528076E+03  7.4439932E-14
  4.6583828E+03  7.5155099E-14
  4.6639224E+03  7.3299941E-14
  4.6694619E+03  7.3355974E-14
  4.6750728E+03  7.1189907E-14
  4.6806479E+03  7.4199537E-14
  4.6861870E+03  7.4766223E-14
  4.6917266E+03  7.2475392E-14
  4.6973018E+03  7.2831952E-14
  4.7028770E+03  7.1869533E-14
  4.7084521E+03  7.0185326E-14
  4.7139912E+03  6.9176767E-14
  4.7195664E+03  7.0737781E-14
  4.7251416E+03  7.1129599E-14
  4.7307168E+03  7.1508297E-14
  4.7362920E+03  7.0441469E-14
  4.7418315E+03  6.9268003E-14
  4.7474062E+03  7.1807598E-14
  4.7529814E+03  6.9785655E-14
  4.7585566E+03  6.9138319E-14
  4.7640962E+03  7.1674437E-14
  4.7696714E+03  6.9527188E-14
  4.7752466E+03  6.8000625E-14
  4.7808213E+03  7.1880320E-14
  4.7863608E+03  7.1460368E-14
  4.7919360E+03  6.7781867E-14
  4.7975112E+03  6.7591813E-14
  4.8030864E+03  7.1369959E-14
  4.8086616E+03  7.2725165E-14
  4.8142007E+03  7.1991092E-14
  4.8197759E+03  7.2000911E-14
  4.8253511E+03  7.1370075E-14
  4.8309263E+03  6.9536817E-14
  4.8364658E+03  6.7992290E-14
  4.8420410E+03  6.7220474E-14
  4.8476157E+03  6.8994852E-14
  4.8531909E+03  6.8860905E-14
  4.8587661E+03  6.8379052E-14
  4.8643413E+03  7.0597398E-14
  4.8699165E+03  6.8608944E-14
  4.8754917E+03  6.7926920E-14
  4.8810669E+03  6.7374539E-14
  4.8866060E+03  6.9196920E-14
  4.8921812E+03  7.0078437E-14
  4.8977563E+03  6.8128554E-14
  4.9033315E+03  6.8033124E-14
  4.9088711E+03  6.4681252E-14
  4.9144463E+03  6.4054210E-14
  4.9200210E+03  6.4530839E-14
  4.9255962E+03  6.8610468E-14
  4.9311714E+03  6.7723286E-14
  4.9367466E+03  6.7122692E-14
  4.9423218E+03  6.6083139E-14
  4.9478970E+03  6.6389839E-14
  4.9534722E+03  6.7827058E-14
  4.9590112E+03  6.7334200E-14
  4.9645864E+03  6.6695564E-14
  4.9701616E+03  6.8749985E-14
  4.9757368E+03  6.5564694E-14
  4.9813120E+03  6.6940912E-14
  4.9868872E+03  7.0666319E-14
  4.9924624E+03  6.7142675E-14
  4.9980376E+03  6.5885265E-14
  5.0036123E+03  6.5747057E-14
  5.0091519E+03  6.6829205E-14
  5.0147271E+03  6.9024640E-14
  5.0203022E+03  6.8084949E-14
  5.0258774E+03  6.4860111E-14
  5.0314526E+03  6.5101346E-14
  5.0370278E+03  6.1615433E-14
  5.0426025E+03  6.5540170E-14
  5.0481777E+03  6.5847935E-14
  5.0537173E+03  6.7693159E-14
  5.0592925E+03  6.5073767E-14
  5.0648677E+03  6.5747192E-14
  5.0704429E+03  6.9094056E-14
  5.0760176E+03  6.7790222E-14
  5.0815928E+03  6.5077392E-14
  5.0871680E+03  6.3817265E-14
  5.0927432E+03  6.5887190E-14
  5.0983184E+03  6.6151579E-14
  5.1038936E+03  6.5425645E-14
  5.1094688E+03  6.5696648E-14
  5.1150439E+03  6.7635228E-14
  5.1206187E+03  6.4972353E-14
  5.1261582E+03  6.7954594E-14
  5.1317334E+03  6.6866726E-14
  5.1373086E+03  6.6415359E-14
  5.1428838E+03  6.6031544E-14
  5.1484946E+03  6.2292368E-14
  5.1540698E+03  6.5674334E-14
  5.1596450E+03  6.7205180E-14
  5.1652197E+03  6.5319366E-14
  5.1707949E+03  6.8586792E-14
  5.1763345E+03  6.9130370E-14
  5.1819097E+03  6.7743567E-14
  5.1875205E+03  6.7435783E-14
  5.1930957E+03  6.7099077E-14
  5.1986709E+03  6.3920067E-14
  5.2042100E+03  6.5990196E-14
  5.2097852E+03  6.9575117E-14
  5.2153604E+03  6.5729215E-14
  5.2209712E+03  6.5149044E-14
  5.2265107E+03  6.4129576E-14
  5.2320859E+03  6.4607052E-14
  5.2376611E+03  6.5613808E-14
  5.2432720E+03  6.4201581E-14
  5.2488110E+03  6.3587434E-14
  5.2544224E+03  6.6146843E-14
  5.2599971E+03  6.5562227E-14
  5.2655723E+03  6.5145914E-14
  5.2711475E+03  6.1828282E-14
  5.2767227E+03  6.3081098E-14
  5.2822979E+03  6.5098792E-14
  5.2878730E+03  6.6842501E-14
  5.2934482E+03  6.5977544E-14
  5.2990234E+03  6.4838210E-14
  5.3045981E+03  6.3490534E-14
  5.3101733E+03  6.4950852E-14
  5.3157485E+03  6.4200544E-14
  5.3213237E+03  6.4213134E-14
  5.3268989E+03  6.5452621E-14
  5.3324741E+03  6.5682418E-14
  5.3380493E+03  6.5404455E-14
  5.3436602E+03  6.6699989E-14
  5.3491992E+03  6.0555239E-14
  5.3547744E+03  6.4060966E-14
  5.3603496E+03  6.2791745E-14
  5.3659604E+03  6.2241248E-14
  5.3715000E+03  6.6069851E-14
  5.3770752E+03  6.5648923E-14
  5.3826860E+03  6.3386328E-14
  5.3882612E+03  6.4040305E-14
  5.3938364E+03  6.5386566E-14
  5.3994116E+03  6.3314764E-14
  5.4049863E+03  6.3035318E-14
  5.4105615E+03  6.5110962E-14
  5.4161724E+03  6.6670953E-14
  5.4217119E+03  6.6513872E-14
  5.4272871E+03  6.6684675E-14
  5.4328979E+03  6.6071396E-14
  5.4384731E+03  6.3102782E-14
  5.4440483E+03  6.5164901E-14
  5.4496235E+03  6.4272420E-14
  5.4551982E+03  6.0687302E-14
  5.4607734E+03  6.0204710E-14
  5.4663486E+03  6.1059434E-14
  5.4719238E+03  6.0583022E-14
  5.4775347E+03  6.2064462E-14
  5.4831099E+03  6.4451591E-14
  5.4886851E+03  6.4589969E-14
  5.4942603E+03  6.2254055E-14
  5.4998354E+03  6.3409361E-14
  5.5054463E+03  6.2845616E-14
  5.5110215E+03  6.2189918E-14
  5.5165605E+03  6.5063697E-14
  5.5221714E+03  6.6982356E-14
  5.5277466E+03  6.4186917E-14
  5.5333574E+03  5.9417708E-14
  5.5389326E+03  6.2628532E-14
  5.5444722E+03  6.5089088E-14
  5.5500830E+03  6.6369287E-14
  5.5556582E+03  6.3944753E-14
  5.5612690E+03  6.0967019E-14
  5.5668086E+03  6.3551913E-14
  5.5724194E+03  6.5369646E-14
  5.5779946E+03  6.4492811E-14
  5.5835693E+03  6.2889682E-14
  5.5891445E+03  6.4253968E-14
  5.5947197E+03  6.4396825E-14
  5.6003306E+03  6.3199222E-14
  5.6059058E+03  6.2336529E-14
  5.6114810E+03  6.3695129E-14
  5.6170562E+03  6.4927508E-14
  5.6226313E+03  6.0615602E-14
  5.6282065E+03  6.3409720E-14
  5.6338174E+03  6.0882865E-14
  5.6393926E+03  6.4394643E-14
  5.6449673E+03  6.3246724E-14
  5.6505786E+03  6.2441263E-14
  5.6561533E+03  6.3314147E-14
  5.6617285E+03  6.4155848E-14
  5.6673037E+03  6.5611924E-14
  5.6729146E+03  6.3707286E-14
  5.6784897E+03  6.5887041E-14
  5.6840649E+03  6.0700753E-14
  5.6896401E+03  6.3684274E-14
  5.6952153E+03  6.3829835E-14
  5.7007905E+03  6.5448962E-14
  5.7064014E+03  6.3120502E-14
  5.7119766E+03  6.3668112E-14
  5.7175513E+03  6.4087733E-14
  5.7231626E+03  5.8444203E-14
  5.7287373E+03  6.2475714E-14
  5.7343125E+03  6.4991456E-14
  5.7398877E+03  6.1707163E-14
  5.7454985E+03  6.3574254E-14
  5.7510737E+03  5.9061202E-14
  5.7566489E+03  5.8238231E-14
  5.7622241E+03  6.0512508E-14
  5.7678350E+03  6.3291447E-14
  5.7734102E+03  6.3380446E-14
  5.7790210E+03  6.2510476E-14
  5.7845605E+03  6.2721238E-14
  5.7901714E+03  6.3025296E-14
  5.7957822E+03  6.0551275E-14
  5.8013574E+03  5.9972738E-14
  5.8069321E+03  6.0755471E-14
  5.8125073E+03  6.0083625E-14
  5.8180825E+03  6.2213974E-14
  5.8236934E+03  6.2700652E-14
  5.8292686E+03  5.8488852E-14
  5.8348438E+03  5.9993379E-14
  5.8404546E+03  5.9498257E-14
  5.8460298E+03  5.8465595E-14
  5.8516406E+03  5.9406391E-14
  5.8572158E+03  5.8064149E-14
  5.8627910E+03  6.1786554E-14
  5.8683662E+03  5.9816850E-14
  5.8739771E+03  6.0529686E-14
  5.8795522E+03  5.9169554E-14
  5.8851270E+03  6.1480098E-14
  5.8907383E+03  6.2359765E-14
  5.8963491E+03  5.9457329E-14
  5.9019238E+03  6.2248594E-14
  5.9074990E+03  5.5965273E-14
  5.9130742E+03  6.1417011E-14
  5.9186851E+03  5.8639556E-14
  5.9242603E+03  5.9389254E-14
  5.9298354E+03  6.0638567E-14
  5.9354463E+03  5.7393963E-14
  5.9410215E+03  6.0233150E-14
  5.9465967E+03  6.1207793E-14
  5.9522075E+03  6.2858349E-14
  5.9577827E+03  6.0651191E-14
  5.9633936E+03  5.6558992E-14
  5.9689688E+03  5.8305770E-14
  5.9745796E+03  5.6938097E-14
  5.9801548E+03  5.8326594E-14
  5.9857300E+03  5.7344903E-14
  5.9913047E+03  6.0821560E-14
  5.9969160E+03  6.0309925E-14
  6.0024907E+03  5.8172183E-14
  6.0081021E+03  5.8363748E-14
  6.0136768E+03  5.9845046E-14
  6.0192876E+03  5.9772852E-14
  6.0248628E+03  5.8281532E-14
  6.0304380E+03  5.6954665E-14
  6.0360488E+03  5.7620168E-14
  6.0416597E+03  5.7747156E-14
  6.0472349E+03  5.7711689E-14
  6.0528101E+03  5.9157825E-14
  6.0583853E+03  5.8834183E-14
  6.0639961E+03  6.0783125E-14
  6.0696069E+03  6.1489767E-14
  6.0751821E+03  5.9772703E-14
  6.0807573E+03  6.0809105E-14
  6.0863682E+03  5.9254813E-14
  6.0919434E+03  5.7379977E-14
  6.0975542E+03  5.9180322E-14
  6.1031294E+03  5.9825198E-14
  6.1087402E+03  5.9114612E-14
  6.1143154E+03  5.8902570E-14
  6.1199263E+03  5.4193612E-14
  6.1255015E+03  5.6750682E-14
  6.1311123E+03  6.0975523E-14
  6.1366875E+03  5.5562268E-14
  6.1422622E+03  5.8800851E-14
  6.1478374E+03  6.0402028E-14
  6.1534482E+03  6.2567729E-14
  6.1590591E+03  5.9106461E-14
  6.1646704E+03  5.6684288E-14
  6.1702451E+03  5.8403369E-14
  6.1758203E+03  5.9866222E-14
  6.1814312E+03  6.0736477E-14
  6.1870420E+03  6.1663226E-14
  6.1926172E+03  5.8803724E-14
  6.1981924E+03  5.9480490E-14
  6.2038032E+03  5.8005968E-14
  6.2094141E+03  5.9925704E-14
  6.2149893E+03  5.3191504E-14
  6.2205645E+03  5.4982833E-14
  6.2261753E+03  5.8163022E-14
  6.2317505E+03  5.7733955E-14
  6.2373613E+03  5.8604536E-14
  6.2429722E+03  5.9237398E-14
  6.2485474E+03  5.7991636E-14
  6.2541226E+03  6.0946501E-14
  6.2597334E+03  5.9050170E-14
  6.2653442E+03  5.9784107E-14
  6.2709194E+03  5.4750350E-14
  6.2764946E+03  5.6634029E-14
  6.2821055E+03  5.4877249E-14
  6.2877163E+03  5.9393984E-14
  6.2932915E+03  5.8065200E-14
  6.2989023E+03  5.7545819E-14
  6.3044775E+03  5.5745366E-14
  6.3101240E+03  5.5573754E-14
  6.3156992E+03  5.7807871E-14
  6.3212744E+03  5.7335687E-14
  6.3268853E+03  5.8082282E-14
  6.3324961E+03  5.4832359E-14
  6.3380713E+03  5.2193449E-14
  6.3436465E+03  5.2819274E-14
  6.3492573E+03  5.6786874E-14
  6.3548682E+03  6.0465840E-14
  6.3604434E+03  5.8134548E-14
  6.3660186E+03  5.6229835E-14
  6.3716294E+03  5.8576753E-14
  6.3772402E+03  5.9543963E-14
  6.3828511E+03  5.6357083E-14
  6.3884263E+03  5.3992452E-14
  6.3940371E+03  5.5451534E-14
  6.3996479E+03  5.6217136E-14
  6.4052231E+03  5.4125209E-14
  6.4108340E+03  5.4369917E-14
  6.4164092E+03  5.4607974E-14
  6.4220200E+03  5.3264644E-14
  6.4275952E+03  5.1511224E-14
  6.4332061E+03  5.3635214E-14
  6.4388169E+03  5.5017612E-14
  6.4443921E+03  5.0030323E-14
  6.4500029E+03  4.9613447E-14
  6.4556138E+03  5.2509514E-14
  6.4612246E+03  5.4573293E-14
  6.4667998E+03  5.7164004E-14
  6.4723750E+03  5.4214730E-14
  6.4780215E+03  5.6000103E-14
  6.4835967E+03  5.7753498E-14
  6.4891719E+03  5.4398533E-14
  6.4947827E+03  5.3537724E-14
