83 - d806 - OI
806
 -9.9941445E+03  8.0675001E-15
 -9.7944941E+03  8.2635001E-15
 -9.5948076E+03  8.6528998E-15
 -9.3951396E+03  9.2038998E-15
 -9.1954531E+03  9.6513001E-15
 -8.9958203E+03  9.7257001E-15
 -8.7961338E+03  9.7142998E-15
 -8.5964473E+03  9.9206998E-15
 -8.3967793E+03  1.0505000E-14
 -8.1970928E+03  1.1585001E-14
 -7.9974604E+03  1.2847999E-14
 -7.7977739E+03  1.3954001E-14
 -7.5980874E+03  1.4762000E-14
 -7.3984370E+03  1.5152999E-14
 -7.1987505E+03  1.5027999E-14
 -6.9991001E+03  1.4378999E-14
 -6.7994136E+03  1.3570000E-14
 -6.5997451E+03  1.2910000E-14
 -6.4000767E+03  1.2244999E-14
 -6.2004082E+03  1.1486000E-14
 -6.0007578E+03  1.0844001E-14
 -5.8010713E+03  1.0457000E-14
 -5.6013848E+03  1.0311000E-14
 -5.4017163E+03  1.0337001E-14
 -5.2020659E+03  1.0271000E-14
 -5.0023975E+03  9.9804003E-15
 -4.8027109E+03  9.7816000E-15
 -4.6030249E+03  9.8016001E-15
 -4.4033921E+03  9.6138002E-15
 -4.2037056E+03  9.1414997E-15
 -4.0040371E+03  9.0821007E-15
 -3.8043508E+03  9.7129997E-15
 -3.6046646E+03  1.0528999E-14
 -3.4050317E+03  1.1226002E-14
 -3.2053455E+03  1.1788000E-14
 -3.0056770E+03  1.2359000E-14
 -2.8060085E+03  1.3390998E-14
 -2.6063223E+03  1.5074000E-14
 -2.4066716E+03  1.7189001E-14
 -2.2069854E+03  1.9645001E-14
 -2.0073346E+03  2.2520001E-14
 -1.8076483E+03  2.5740001E-14
 -1.6079799E+03  2.8989001E-14
 -1.4083292E+03  3.2424001E-14
 -1.2086429E+03  3.6838002E-14
 -1.0089744E+03  4.1420999E-14
 -8.0928809E+02  4.3746999E-14
 -6.0961963E+02  4.3611002E-14
 -4.0996899E+02  4.2862005E-14
 -2.1028267E+02  4.1587004E-14
 -1.0614200E+01  3.8458000E-14
  1.8905428E+02  3.4355999E-14
  3.8872275E+02  3.1710000E-14
  5.8839124E+02  3.0498001E-14
  7.8805969E+02  2.9092000E-14
  9.8772815E+02  2.7605996E-14
  1.1873966E+03  2.7089996E-14
  1.3871008E+03  2.7422998E-14
  1.5867335E+03  2.7905001E-14
  1.7864377E+03  2.8428001E-14
  1.9861062E+03  2.9149999E-14
  2.1857390E+03  2.9605001E-14
  2.3854431E+03  2.9098001E-14
  2.5851116E+03  2.7866002E-14
  2.7847800E+03  2.6524003E-14
  2.9844485E+03  2.5036000E-14
  3.1841169E+03  2.3176001E-14
  3.3837856E+03  2.1219000E-14
  3.5834541E+03  1.9553000E-14
  3.7831582E+03  1.8147999E-14
  3.9827910E+03  1.6862000E-14
  4.1824595E+03  1.5740999E-14
  4.3821636E+03  1.4846001E-14
  4.5817964E+03  1.4082002E-14
  4.7815005E+03  1.3334998E-14
  4.9811333E+03  1.2638000E-14
  5.1808374E+03  1.2048000E-14
  5.3805059E+03  1.1558000E-14
  5.5801743E+03  1.1154001E-14
  5.7798428E+03  1.0885000E-14
  5.9794756E+03  1.0803000E-14
  6.1791797E+03  1.0768001E-14
  6.3788481E+03  1.0648000E-14
