 -7.8931406E+03  1.5700001E-16
 -7.6554292E+03  1.6200000E-16
 -7.4177178E+03  1.6200000E-16
 -7.1800239E+03  1.6399999E-16
 -6.9423120E+03  1.6000001E-16
 -6.7046187E+03  1.4900000E-16
 -6.4669248E+03  1.3700000E-16
 -6.2291953E+03  1.3100000E-16
 -5.9915015E+03  1.2500000E-16
 -5.7538076E+03  1.1700000E-16
 -5.5161138E+03  1.1300001E-16
 -5.2784023E+03  1.1000001E-16
 -5.0406909E+03  1.1000001E-16
 -4.8029971E+03  1.0900000E-16
 -4.5652852E+03  1.0900000E-16
 -4.3275918E+03  1.1399999E-16
 -4.0898979E+03  1.2600000E-16
 -3.8521685E+03  1.3000000E-16
 -3.6144746E+03  1.3800000E-16
 -3.3767808E+03  1.4600000E-16
 -3.1390872E+03  1.6000001E-16
 -2.9013755E+03  1.7800002E-16
 -2.6636638E+03  2.0399998E-16
 -2.4259702E+03  2.4200001E-16
 -2.1882585E+03  2.8799999E-16
 -1.9505647E+03  3.2899998E-16
 -1.7128531E+03  3.9100002E-16
 -1.4751415E+03  4.5900001E-16
 -1.2374478E+03  5.5300002E-16
 -9.9975403E+02  6.3000002E-16
 -7.6206024E+02  6.6099995E-16
 -5.2433075E+02  7.0799995E-16
 -2.8663699E+02  8.1599994E-16
 -4.8925388E+01  8.6400002E-16
  1.8876837E+02  7.3899998E-16
  4.2646213E+02  6.0000002E-16
  6.6419159E+02  5.2899997E-16
  9.0188538E+02  4.7899999E-16
  1.1395791E+03  4.4000003E-16
  1.3772728E+03  4.3200001E-16
  1.6149667E+03  4.3299993E-16
  1.8526960E+03  4.3599999E-16
  2.0903899E+03  4.3500002E-16
  2.3280835E+03  4.2399994E-16
  2.5657773E+03  4.2300005E-16
  2.8035068E+03  4.3399994E-16
  3.0412007E+03  4.1700004E-16
  3.2788943E+03  3.4799999E-16
  3.5166238E+03  2.7800000E-16
  3.7543176E+03  2.3800001E-16
  3.9920112E+03  2.0799996E-16
  4.2297407E+03  1.8399999E-16
  4.4674346E+03  1.6100000E-16
  4.7051284E+03  1.4600000E-16
  4.9428223E+03  1.3900000E-16
  5.1805518E+03  1.2800001E-16
  5.4182451E+03  1.2000000E-16
  5.6559390E+03  1.1800000E-16
  5.8936328E+03  1.2500000E-16
  6.1313267E+03  1.3300000E-16
  6.3690562E+03  1.4700000E-16
  6.6067500E+03  1.6700001E-16
  6.8444434E+03  1.8999997E-16
  7.0821372E+03  2.1500000E-16
  7.3198667E+03  2.5000000E-16
  7.5575605E+03  2.9200000E-16
  7.7952544E+03  3.3899992E-16
