 -9.1272570E+04  1.0380817E-15
 -9.1222508E+04  9.9883459E-16
 -9.1172406E+04  9.5812629E-16
 -9.1122328E+04  9.1671200E-16
 -9.1072234E+04  8.7231275E-16
 -9.1022164E+04  8.2322121E-16
 -9.0972055E+04  7.7370467E-16
 -9.0922016E+04  7.3225834E-16
 -9.0871938E+04  7.0239117E-16
 -9.0821828E+04  6.7906007E-16
 -9.0771758E+04  6.5410833E-16
 -9.0721695E+04  6.2290178E-16
 -9.0671609E+04  5.8591371E-16
 -9.0621555E+04  5.4628612E-16
 -9.0571469E+04  5.0679448E-16
 -9.0521383E+04  4.6946753E-16
 -9.0471312E+04  4.3649172E-16
 -9.0421234E+04  4.0984451E-16
 -9.0371172E+04  3.8961639E-16
 -9.0321086E+04  3.7346572E-16
 -9.0271047E+04  3.5828295E-16
 -9.0220969E+04  3.4185781E-16
 -9.0170883E+04  3.2364184E-16
 -9.0120828E+04  3.0491606E-16
 -9.0070750E+04  2.8828981E-16
 -9.0020695E+04  2.7573485E-16
 -8.9970602E+04  2.6609892E-16
 -8.9920562E+04  2.5572740E-16
 -8.9870500E+04  2.4239703E-16
 -8.9820445E+04  2.2839298E-16
 -8.9770367E+04  2.1836700E-16
 -8.9720312E+04  2.1399108E-16
 -8.9670227E+04  2.1153707E-16
 -8.9620180E+04  2.0531552E-16
 -8.9570125E+04  1.9304754E-16
 -8.9520070E+04  1.7795751E-16
 -8.9470008E+04  1.6580703E-16
 -8.9419953E+04  1.5983645E-16
 -8.9369867E+04  1.5857967E-16
 -8.9319812E+04  1.5865768E-16
 -8.9269750E+04  1.5918188E-16
 -8.9219711E+04  1.6224273E-16
 -8.9169664E+04  1.6877977E-16
 -8.9119609E+04  1.7503482E-16
 -8.9069539E+04  1.7418677E-16
 -8.9019492E+04  1.6190572E-16
 -8.8969438E+04  1.4017886E-16
 -8.8919391E+04  1.1547504E-16
 -8.8869352E+04  9.3816979E-17
 -8.8819305E+04  7.8105676E-17
 -8.8769258E+04  6.8839546E-17
 -8.8719203E+04  6.5308616E-17
 -8.8669125E+04  6.5986884E-17
 -8.8619078E+04  6.9152842E-17
 -8.8569031E+04  7.3943468E-17
 -8.8519023E+04  8.0254525E-17
 -8.8468945E+04  8.7282940E-17
 -8.8418891E+04  9.2816216E-17
 -8.8368844E+04  9.4803858E-17
 -8.8318789E+04  9.3161051E-17
 -8.8268758E+04  8.9524553E-17
 -8.8218711E+04  8.5520304E-17
 -8.8168695E+04  8.1786636E-17
 -8.8118656E+04  7.8431161E-17
 -8.8068609E+04  7.5806524E-17
 -8.8018555E+04  7.4253072E-17
 -8.7968523E+04  7.2755273E-17
 -8.7918469E+04  6.8645185E-17
 -8.7868430E+04  6.0205229E-17
 -8.7818406E+04  4.9313087E-17
 -8.7768375E+04  4.0152545E-17
 -8.7718328E+04  3.5576403E-17
 -8.7668289E+04  3.5737673E-17
 -8.7618273E+04  3.9527590E-17
 -8.7568203E+04  4.5728344E-17
 -8.7518188E+04  5.2805470E-17
 -8.7468180E+04  5.9225563E-17
 -8.7418125E+04  6.4105928E-17
 -8.7368086E+04  6.6765678E-17
 -8.7318055E+04  6.6093445E-17
 -8.7268039E+04  6.1716521E-17
 -8.7218008E+04  5.5582262E-17
 -8.7167977E+04  5.0955437E-17
 -8.7117961E+04  4.9863059E-17
 -8.7067906E+04  5.2129766E-17
 -8.7017883E+04  5.6302796E-17
 -8.6967859E+04  6.0898678E-17
 -8.6917836E+04  6.5047717E-17
 -8.6867812E+04  6.8503915E-17
 -8.6817805E+04  7.1331258E-17
 -8.6767781E+04  7.3595397E-17
 -8.6717750E+04  7.5402959E-17
 -8.6667711E+04  7.7402830E-17
 -8.6617680E+04  8.0825029E-17
 -8.6567680E+04  8.6240468E-17
 -8.6517648E+04  9.2653519E-17
 -8.6467625E+04  9.8363316E-17
 -8.6417617E+04  1.0240350E-16
 -8.6367594E+04  1.0502084E-16
 -8.6317570E+04  1.0747655E-16
 -8.6267570E+04  1.1120844E-16
 -8.6217539E+04  1.1630819E-16
 -8.6167523E+04  1.2079419E-16
 -8.6117523E+04  1.2216429E-16
 -8.6067508E+04  1.1994237E-16
 -8.6017477E+04  1.1658183E-16
 -8.5967477E+04  1.1535002E-16
 -8.5917445E+04  1.1747918E-16
 -8.5867430E+04  1.2164959E-16
 -8.5817430E+04  1.2582265E-16
 -8.5767414E+04  1.2890436E-16
 -8.5717422E+04  1.3065172E-16
 -8.5667406E+04  1.3119122E-16
 -8.5617391E+04  1.3134878E-16
 -8.5567383E+04  1.3248962E-16
 -8.5517359E+04  1.3528343E-16
 -8.5467352E+04  1.3904735E-16
 -8.5417367E+04  1.4273793E-16
 -8.5367367E+04  1.4599476E-16
 -8.5317352E+04  1.4840502E-16
 -8.5267336E+04  1.4831869E-16
 -8.5217336E+04  1.4392614E-16
 -8.5167320E+04  1.3621627E-16
 -8.5117328E+04  1.2948798E-16
 -8.5067328E+04  1.2754844E-16
 -8.5017328E+04  1.3029783E-16
 -8.4967305E+04  1.3485065E-16
 -8.4917336E+04  1.3877208E-16
 -8.4867328E+04  1.4124977E-16
 -8.4817320E+04  1.4203109E-16
 -8.4767305E+04  1.4064011E-16
 -8.4717344E+04  1.3692073E-16
 -8.4667336E+04  1.3164350E-16
 -8.4617328E+04  1.2580556E-16
 -8.4567359E+04  1.1953574E-16
 -8.4517336E+04  1.1300642E-16
 -8.4467367E+04  1.0812295E-16
 -8.4417344E+04  1.0739022E-16
 -8.4367344E+04  1.1070560E-16
 -8.4317383E+04  1.1470704E-16
 -8.4267391E+04  1.1598114E-16
 -8.4217383E+04  1.1392328E-16
 -8.4167398E+04  1.1033272E-16
 -8.4117391E+04  1.0751800E-16
 -8.4067398E+04  1.0679271E-16
 -8.4017414E+04  1.0779576E-16
 -8.3967438E+04  1.0909092E-16
 -8.3917453E+04  1.0938855E-16
 -8.3867461E+04  1.0786453E-16
 -8.3817469E+04  1.0407958E-16
 -8.3767500E+04  9.8211326E-17
 -8.3717477E+04  9.0995658E-17
 -8.3667500E+04  8.3163865E-17
 -8.3617531E+04  7.5380427E-17
 -8.3567547E+04  6.8835198E-17
 -8.3517562E+04  6.4944895E-17
 -8.3467586E+04  6.4269128E-17
 -8.3417586E+04  6.6074334E-17
 -8.3367602E+04  6.8572426E-17
 -8.3317625E+04  6.9473411E-17
 -8.3267656E+04  6.7423664E-17
 -8.3217672E+04  6.3881465E-17
 -8.3167719E+04  6.2506459E-17
 -8.3117727E+04  6.5394305E-17
 -8.3067750E+04  7.0496474E-17
 -8.3017750E+04  7.3706974E-17
 -8.2967773E+04  7.3489955E-17
 -8.2917820E+04  7.2547763E-17
 -8.2867844E+04  7.4354114E-17
 -8.2817852E+04  7.8929495E-17
 -8.2767891E+04  8.3100768E-17
 -8.2717906E+04  8.4311734E-17
 -8.2667945E+04  8.2735339E-17
 -8.2617969E+04  7.9984865E-17
 -8.2568008E+04  7.7165112E-17
 -8.2518023E+04  7.4641404E-17
 -8.2468039E+04  7.3303694E-17
 -8.2418086E+04  7.4756150E-17
 -8.2368125E+04  7.9298152E-17
 -8.2318141E+04  8.4577537E-17
 -8.2268180E+04  8.7781221E-17
 -8.2218234E+04  8.9010570E-17
 -8.2168242E+04  9.1086469E-17
 -8.2118273E+04  9.5476998E-17
 -8.2068312E+04  1.0011276E-16
 -8.2018336E+04  1.0247918E-16
 -8.1968375E+04  1.0354516E-16
 -8.1918414E+04  1.0642197E-16
 -8.1868469E+04  1.1159294E-16
 -8.1818508E+04  1.1561301E-16
 -8.1768555E+04  1.1511143E-16
 -8.1718586E+04  1.1058982E-16
 -8.1668625E+04  1.0522429E-16
 -8.1618656E+04  1.0086952E-16
 -8.1568695E+04  9.6997349E-17
 -8.1518742E+04  9.3556516E-17
 -8.1468789E+04  9.2986542E-17
 -8.1418828E+04  9.8226606E-17
 -8.1368844E+04  1.0952261E-16
 -8.1318891E+04  1.2398760E-16
 -8.1268930E+04  1.3822241E-16
 -8.1218969E+04  1.5085843E-16
 -8.1169055E+04  1.6187884E-16
 -8.1119086E+04  1.6972636E-16
 -8.1069133E+04  1.7095850E-16
 -8.1019195E+04  1.6438248E-16
 -8.0969227E+04  1.5426621E-16
 -8.0919266E+04  1.4775628E-16
 -8.0869320E+04  1.4917791E-16
 -8.0819375E+04  1.5732877E-16
 -8.0769414E+04  1.6739752E-16
 -8.0719469E+04  1.7479578E-16
 -8.0669508E+04  1.7771196E-16
 -8.0619570E+04  1.7679419E-16
 -8.0569602E+04  1.7337503E-16
 -8.0519664E+04  1.6839302E-16
 -8.0469750E+04  1.6280332E-16
 -8.0419789E+04  1.5857306E-16
 -8.0369844E+04  1.5897818E-16
 -8.0319906E+04  1.6693917E-16
 -8.0269938E+04  1.8232162E-16
 -8.0220000E+04  2.0087069E-16
 -8.0170062E+04  2.1729450E-16
 -8.0120094E+04  2.3006632E-16
 -8.0070164E+04  2.4205253E-16
 -8.0020250E+04  2.5528067E-16
 -7.9970297E+04  2.6674253E-16
 -7.9920352E+04  2.7145741E-16
 -7.9870406E+04  2.6910099E-16
 -7.9820461E+04  2.6534914E-16
 -7.9770539E+04  2.6648287E-16
 -7.9720609E+04  2.7428092E-16
 -7.9670664E+04  2.8633443E-16
 -7.9620727E+04  2.9921153E-16
 -7.9570781E+04  3.1065338E-16
 -7.9520852E+04  3.2009447E-16
 -7.9470906E+04  3.2853237E-16
 -7.9420969E+04  3.3773115E-16
 -7.9371039E+04  3.4832758E-16
 -7.9321117E+04  3.5848531E-16
 -7.9271188E+04  3.6551547E-16
 -7.9221242E+04  3.6915030E-16
 -7.9171297E+04  3.7211986E-16
 -7.9121375E+04  3.7714841E-16
 -7.9071445E+04  3.8469981E-16
 -7.9021523E+04  3.9437049E-16
 -7.8971594E+04  4.0671385E-16
 -7.8921672E+04  4.2207641E-16
 -7.8871727E+04  4.3856330E-16
 -7.8821820E+04  4.5349551E-16
 -7.8771875E+04  4.6643860E-16
 -7.8721945E+04  4.7789604E-16
 -7.8672039E+04  4.8561129E-16
 -7.8622117E+04  4.8584148E-16
 -7.8572172E+04  4.7940344E-16
 -7.8522258E+04  4.7385247E-16
 -7.8472320E+04  4.7770149E-16
 -7.8422391E+04  4.9312262E-16
 -7.8372484E+04  5.1384269E-16
 -7.8322555E+04  5.2914836E-16
 -7.8272633E+04  5.3125075E-16
 -7.8222727E+04  5.2185880E-16
 -7.8172797E+04  5.1119105E-16
 -7.8122852E+04  5.0963871E-16
 -7.8072945E+04  5.2030576E-16
 -7.8023016E+04  5.3893244E-16
 -7.7973109E+04  5.5865121E-16
 -7.7923203E+04  5.7446902E-16
 -7.7873297E+04  5.8487413E-16
 -7.7823367E+04  5.9012685E-16
 -7.7773461E+04  5.8924498E-16
 -7.7723531E+04  5.7978431E-16
 -7.7673625E+04  5.6035136E-16
 -7.7623703E+04  5.3314779E-16
 -7.7573812E+04  5.0390890E-16
 -7.7523883E+04  4.7878717E-16
 -7.7473961E+04  4.6132135E-16
 -7.7424047E+04  4.5163098E-16
 -7.7374125E+04  4.4759667E-16
 -7.7324219E+04  4.4599620E-16
 -7.7274305E+04  4.4283385E-16
 -7.7224414E+04  4.3404613E-16
 -7.7174492E+04  4.1724814E-16
 -7.7124586E+04  3.9354887E-16
 -7.7074695E+04  3.6689380E-16
 -7.7024766E+04  3.4150447E-16
 -7.6974836E+04  3.2085605E-16
 -7.6924953E+04  3.0847762E-16
 -7.6875062E+04  3.0740570E-16
 -7.6825148E+04  3.1796434E-16
 -7.6775242E+04  3.3706414E-16
 -7.6725320E+04  3.5912122E-16
 -7.6675430E+04  3.7689933E-16
 -7.6625500E+04  3.8414757E-16
 -7.6575609E+04  3.7910767E-16
 -7.6525719E+04  3.6488316E-16
 -7.6475812E+04  3.4625698E-16
 -7.6425922E+04  3.2783423E-16
 -7.6375992E+04  3.1448592E-16
 -7.6326102E+04  3.1036338E-16
 -7.6276211E+04  3.1567433E-16
 -7.6226305E+04  3.2556482E-16
 -7.6176398E+04  3.3328279E-16
 -7.6126523E+04  3.3532049E-16
 -7.6076617E+04  3.3311588E-16
 -7.6026727E+04  3.2990872E-16
 -7.5976836E+04  3.2748991E-16
 -7.5926914E+04  3.2635176E-16
 -7.5877023E+04  3.2701769E-16
 -7.5827133E+04  3.2947191E-16
 -7.5777242E+04  3.3175872E-16
 -7.5727352E+04  3.3081700E-16
 -7.5677461E+04  3.2536198E-16
 -7.5627555E+04  3.1712596E-16
 -7.5577664E+04  3.0863347E-16
 -7.5527773E+04  3.0055066E-16
 -7.5477883E+04  2.9254387E-16
 -7.5427992E+04  2.8592132E-16
 -7.5378102E+04  2.8309707E-16
 -7.5328227E+04  2.8422511E-16
 -7.5278336E+04  2.8658997E-16
 -7.5228430E+04  2.8762216E-16
 -7.5178539E+04  2.8683516E-16
 -7.5128648E+04  2.8477798E-16
 -7.5078773E+04  2.8209104E-16
 -7.5028906E+04  2.8019410E-16
 -7.4978992E+04  2.8126886E-16
 -7.4929125E+04  2.8587198E-16
 -7.4879234E+04  2.9097453E-16
 -7.4829320E+04  2.9188178E-16
 -7.4779453E+04  2.8687090E-16
 -7.4729562E+04  2.7885434E-16
 -7.4679703E+04  2.7182050E-16
 -7.4629812E+04  2.6693346E-16
 -7.4579945E+04  2.6320834E-16
 -7.4530039E+04  2.6035903E-16
 -7.4480164E+04  2.5925370E-16
 -7.4430273E+04  2.6077857E-16
 -7.4380398E+04  2.6586490E-16
 -7.4330547E+04  2.7477590E-16
 -7.4280656E+04  2.8464037E-16
 -7.4230781E+04  2.8942173E-16
 -7.4180875E+04  2.8462986E-16
 -7.4131000E+04  2.7151186E-16
 -7.4081133E+04  2.5508733E-16
 -7.4031258E+04  2.3947297E-16
 -7.3981383E+04  2.2629020E-16
 -7.3931516E+04  2.1533573E-16
 -7.3881641E+04  2.0522505E-16
 -7.3831766E+04  1.9454106E-16
 -7.3781898E+04  1.8348867E-16
 -7.3732023E+04  1.7401511E-16
 -7.3682148E+04  1.6823033E-16
 -7.3632258E+04  1.6759148E-16
 -7.3582422E+04  1.7369876E-16
 -7.3532555E+04  1.8802435E-16
 -7.3482664E+04  2.0926496E-16
 -7.3432789E+04  2.3144688E-16
 -7.3382914E+04  2.4605346E-16
 -7.3333047E+04  2.4673593E-16
 -7.3283172E+04  2.3302480E-16
 -7.3233312E+04  2.1055026E-16
 -7.3183445E+04  1.8757762E-16
 -7.3133570E+04  1.6974816E-16
 -7.3083695E+04  1.5720566E-16
 -7.3033844E+04  1.4721283E-16
 -7.2983969E+04  1.3893400E-16
 -7.2934102E+04  1.3419520E-16
 -7.2884242E+04  1.3403926E-16
 -7.2834391E+04  1.3652076E-16
 -7.2784516E+04  1.3842550E-16
 -7.2734648E+04  1.3835727E-16
 -7.2684789E+04  1.3771255E-16
 -7.2634922E+04  1.3851871E-16
 -7.2585078E+04  1.4044353E-16
 -7.2535195E+04  1.4057181E-16
 -7.2485352E+04  1.3660208E-16
 -7.2435500E+04  1.2986057E-16
 -7.2385625E+04  1.2488434E-16
 -7.2335773E+04  1.2593659E-16
 -7.2285898E+04  1.3375843E-16
 -7.2236047E+04  1.4544174E-16
 -7.2186195E+04  1.5684536E-16
 -7.2136336E+04  1.6511868E-16
 -7.2086484E+04  1.6985489E-16
 -7.2036648E+04  1.7251300E-16
 -7.1986773E+04  1.7480824E-16
 -7.1936922E+04  1.7748207E-16
 -7.1887062E+04  1.8006428E-16
 -7.1837195E+04  1.8156179E-16
 -7.1787352E+04  1.8192997E-16
 -7.1737500E+04  1.8305019E-16
 -7.1687664E+04  1.8757621E-16
 -7.1637812E+04  1.9601547E-16
 -7.1587938E+04  2.0484913E-16
 -7.1538086E+04  2.0921090E-16
 -7.1488227E+04  2.0923817E-16
 -7.1438375E+04  2.1362490E-16
 -7.1388555E+04  2.3505575E-16
 -7.1338703E+04  2.8013455E-16
 -7.1288844E+04  3.4246413E-16
 -7.1238992E+04  4.0512434E-16
 -7.1189133E+04  4.4965130E-16
 -7.1139281E+04  4.6437517E-16
 -7.1089445E+04  4.4782759E-16
 -7.1039609E+04  4.0729450E-16
 -7.0989750E+04  3.5520650E-16
 -7.0939938E+04  3.0513311E-16
 -7.0890078E+04  2.6737169E-16
 -7.0840227E+04  2.4553071E-16
 -7.0790367E+04  2.3545946E-16
 -7.0740516E+04  2.2981698E-16
 -7.0690719E+04  2.2416404E-16
 -7.0640859E+04  2.1815340E-16
 -7.0591008E+04  2.1191238E-16
 -7.0541148E+04  2.0429813E-16
 -7.0491336E+04  1.9529272E-16
 -7.0441477E+04  1.8746045E-16
 -7.0391625E+04  1.8320566E-16
 -7.0341789E+04  1.8122312E-16
 -7.0291969E+04  1.7714754E-16
 -7.0242133E+04  1.6803530E-16
 -7.0192273E+04  1.5578506E-16
 -7.0142461E+04  1.4586720E-16
 -7.0092602E+04  1.4282807E-16
 -7.0042766E+04  1.4764680E-16
 -6.9992930E+04  1.5840517E-16
 -6.9943109E+04  1.7143276E-16
 -6.9893258E+04  1.8121988E-16
 -6.9843438E+04  1.8188241E-16
 -6.9793602E+04  1.7099569E-16
 -6.9743750E+04  1.5191865E-16
 -6.9693930E+04  1.3253670E-16
 -6.9644094E+04  1.2102399E-16
 -6.9594234E+04  1.2142201E-16
 -6.9544438E+04  1.3212523E-16
 -6.9494617E+04  1.4810534E-16
 -6.9444781E+04  1.6348216E-16
 -6.9394922E+04  1.7254698E-16
 -6.9345109E+04  1.7182468E-16
 -6.9295266E+04  1.6312342E-16
 -6.9245430E+04  1.5317964E-16
 -6.9195633E+04  1.4841995E-16
 -6.9145797E+04  1.4955838E-16
 -6.9095977E+04  1.5167934E-16
 -6.9046141E+04  1.4972837E-16
 -6.8996320E+04  1.4320782E-16
 -6.8946469E+04  1.3542655E-16
 -6.8896633E+04  1.2951164E-16
 -6.8846844E+04  1.2625947E-16
 -6.8797031E+04  1.2505229E-16
 -6.8747188E+04  1.2538028E-16
 -6.8697352E+04  1.2694561E-16
 -6.8647539E+04  1.2880982E-16
 -6.8597695E+04  1.2883383E-16
 -6.8547883E+04  1.2440430E-16
 -6.8498039E+04  1.1457211E-16
 -6.8448242E+04  1.0196974E-16
 -6.8398422E+04  9.1910268E-17
 -6.8348602E+04  8.9116588E-17
 -6.8298766E+04  9.5072520E-17
 -6.8248945E+04  1.0801011E-16
 -6.8199133E+04  1.2393173E-16
 -6.8149312E+04  1.3739516E-16
 -6.8099492E+04  1.4356111E-16
 -6.8049688E+04  1.4170697E-16
 -6.7999852E+04  1.3632192E-16
 -6.7950039E+04  1.3370882E-16
 -6.7900234E+04  1.3745190E-16
 -6.7850398E+04  1.4715024E-16
 -6.7800594E+04  1.5984453E-16
 -6.7750758E+04  1.7156024E-16
 -6.7700977E+04  1.7836384E-16
 -6.7651141E+04  1.7810023E-16
 -6.7601336E+04  1.7190621E-16
 -6.7551500E+04  1.6412125E-16
 -6.7501703E+04  1.5990267E-16
 -6.7451883E+04  1.6195956E-16
 -6.7402062E+04  1.6907279E-16
 -6.7352281E+04  1.7765930E-16
 -6.7302461E+04  1.8409474E-16
 -6.7252641E+04  1.8550491E-16
 -6.7202844E+04  1.8058468E-16
 -6.7153008E+04  1.7095932E-16
 -6.7103203E+04  1.6042735E-16
 -6.7053406E+04  1.5183092E-16
 -6.7003586E+04  1.4570423E-16
 -6.6953781E+04  1.4162300E-16
 -6.6903984E+04  1.3930338E-16
 -6.6854164E+04  1.3877558E-16
 -6.6804367E+04  1.4088577E-16
 -6.6754562E+04  1.4691344E-16
 -6.6704742E+04  1.5615885E-16
 -6.6654945E+04  1.6495282E-16
 -6.6605156E+04  1.6947774E-16
 -6.6555320E+04  1.6880512E-16
 -6.6505523E+04  1.6462388E-16
 -6.6455719E+04  1.5923225E-16
 -6.6405898E+04  1.5514482E-16
 -6.6356102E+04  1.5494262E-16
 -6.6306297E+04  1.5902940E-16
 -6.6256531E+04  1.6439193E-16
 -6.6206719E+04  1.6731272E-16
 -6.6156914E+04  1.6689269E-16
 -6.6107117E+04  1.6532516E-16
 -6.6057297E+04  1.6557490E-16
 -6.6007492E+04  1.6970009E-16
 -6.5957695E+04  1.7800833E-16
 -6.5907906E+04  1.8847339E-16
 -6.5858109E+04  1.9738828E-16
 -6.5808305E+04  2.0154568E-16
 -6.5758508E+04  2.0028737E-16
 -6.5708727E+04  1.9605144E-16
 -6.5658906E+04  1.9348607E-16
 -6.5609102E+04  1.9710842E-16
 -6.5559305E+04  2.0810183E-16
 -6.5509535E+04  2.2325687E-16
 -6.5459738E+04  2.3791003E-16
 -6.5409934E+04  2.4989680E-16
 -6.5360137E+04  2.6058799E-16
 -6.5310332E+04  2.7231916E-16
 -6.5260543E+04  2.8533578E-16
 -6.5210730E+04  2.9748890E-16
 -6.5160941E+04  3.0681235E-16
 -6.5111168E+04  3.1372359E-16
 -6.5061387E+04  3.1949477E-16
 -6.5011598E+04  3.2288483E-16
 -6.4961809E+04  3.2021816E-16
 -6.4912020E+04  3.0973999E-16
 -6.4862199E+04  2.9468109E-16
 -6.4812418E+04  2.8131147E-16
 -6.4762617E+04  2.7432393E-16
 -6.4712844E+04  2.7474940E-16
 -6.4663062E+04  2.8115406E-16
 -6.4613258E+04  2.9155454E-16
 -6.4563461E+04  3.0424584E-16
 -6.4513672E+04  3.1696232E-16
 -6.4463898E+04  3.2638366E-16
 -6.4414102E+04  3.3070665E-16
 -6.4364340E+04  3.3211958E-16
 -6.4314543E+04  3.3418383E-16
 -6.4264762E+04  3.3679798E-16
 -6.4214973E+04  3.3593859E-16
 -6.4165160E+04  3.2922807E-16
 -6.4115379E+04  3.1964106E-16
 -6.4065598E+04  3.1237069E-16
 -6.4015832E+04  3.0934183E-16
 -6.3966047E+04  3.0741841E-16
 -6.3916262E+04  3.0169207E-16
 -6.3866477E+04  2.9000206E-16
 -6.3816695E+04  2.7435651E-16
 -6.3766914E+04  2.5822750E-16
 -6.3717133E+04  2.4334526E-16
 -6.3667352E+04  2.3033666E-16
 -6.3617582E+04  2.2144356E-16
 -6.3567801E+04  2.1995280E-16
 -6.3518016E+04  2.2653915E-16
 -6.3468230E+04  2.3768388E-16
 -6.3418461E+04  2.4853207E-16
 -6.3368691E+04  2.5635264E-16
 -6.3318902E+04  2.6114055E-16
 -6.3269137E+04  2.6436380E-16
 -6.3219355E+04  2.6757429E-16
 -6.3169570E+04  2.7091155E-16
 -6.3119801E+04  2.7281579E-16
 -6.3070027E+04  2.7264302E-16
 -6.3020242E+04  2.7331284E-16
 -6.2970461E+04  2.7898073E-16
 -6.2920691E+04  2.8961346E-16
 -6.2870926E+04  2.9977663E-16
 -6.2821145E+04  3.0352552E-16
 -6.2771379E+04  2.9949661E-16
 -6.2721598E+04  2.9086503E-16
 -6.2671828E+04  2.8118738E-16
 -6.2622047E+04  2.7162899E-16
 -6.2572266E+04  2.6160284E-16
 -6.2522512E+04  2.5042018E-16
 -6.2472738E+04  2.3818773E-16
 -6.2422969E+04  2.2604255E-16
 -6.2373184E+04  2.1555108E-16
 -6.2323414E+04  2.0771993E-16
 -6.2273641E+04  2.0272733E-16
 -6.2223875E+04  2.0094717E-16
 -6.2174125E+04  2.0355621E-16
 -6.2124355E+04  2.1142912E-16
 -6.2074594E+04  2.2314583E-16
 -6.2024809E+04  2.3428648E-16
 -6.1975047E+04  2.3899090E-16
 -6.1925281E+04  2.3371555E-16
 -6.1875500E+04  2.2017077E-16
 -6.1825727E+04  2.0470769E-16
 -6.1775965E+04  1.9400411E-16
 -6.1726219E+04  1.9079319E-16
 -6.1676453E+04  1.9300134E-16
 -6.1626684E+04  1.9656147E-16
 -6.1576918E+04  1.9898604E-16
 -6.1527156E+04  2.0071391E-16
 -6.1477375E+04  2.0316002E-16
 -6.1427609E+04  2.0637840E-16
 -6.1377879E+04  2.0931857E-16
 -6.1328117E+04  2.1181593E-16
 -6.1278348E+04  2.1535103E-16
 -6.1228586E+04  2.2166143E-16
 -6.1178824E+04  2.3015534E-16
 -6.1129059E+04  2.3727632E-16
 -6.1079305E+04  2.3921957E-16
 -6.1029543E+04  2.3537823E-16
 -6.0979777E+04  2.2861202E-16
 -6.0930027E+04  2.2259054E-16
 -6.0880281E+04  2.1971542E-16
 -6.0830516E+04  2.2118009E-16
 -6.0780750E+04  2.2719573E-16
 -6.0730988E+04  2.3617139E-16
 -6.0681223E+04  2.4451268E-16
 -6.0631496E+04  2.4890145E-16
 -6.0581727E+04  2.4946227E-16
 -6.0531961E+04  2.4995675E-16
 -6.0482203E+04  2.5439981E-16
 -6.0432430E+04  2.6362490E-16
 -6.0382699E+04  2.7487799E-16
 -6.0332938E+04  2.8372329E-16
 -6.0283168E+04  2.8643076E-16
 -6.0233422E+04  2.8182478E-16
 -6.0183703E+04  2.7147819E-16
 -6.0133930E+04  2.5818406E-16
 -6.0084156E+04  2.4436694E-16
 -6.0034398E+04  2.3200518E-16
 -5.9984668E+04  2.2413371E-16
 -5.9934902E+04  2.2505245E-16
 -5.9885164E+04  2.3722399E-16
 -5.9835430E+04  2.5706801E-16
 -5.9785656E+04  2.7472156E-16
 -5.9735910E+04  2.7974597E-16
 -5.9686152E+04  2.6862668E-16
 -5.9636402E+04  2.4707342E-16
 -5.9586648E+04  2.2533101E-16
 -5.9536887E+04  2.1118252E-16
 -5.9487176E+04  2.0681532E-16
 -5.9437410E+04  2.1133771E-16
 -5.9387664E+04  2.2404082E-16
 -5.9337891E+04  2.4362724E-16
 -5.9288168E+04  2.6569007E-16
 -5.9238414E+04  2.8367591E-16
 -5.9188656E+04  2.9209148E-16
 -5.9138926E+04  2.8853749E-16
 -5.9089180E+04  2.7420685E-16
 -5.9039449E+04  2.5409662E-16
 -5.8989703E+04  2.3472890E-16
 -5.8939941E+04  2.1969660E-16
 -5.8890211E+04  2.0783785E-16
 -5.8840461E+04  1.9681212E-16
 -5.8790691E+04  1.8765017E-16
 -5.8740984E+04  1.8419617E-16
 -5.8691238E+04  1.8828002E-16
 -5.8641512E+04  1.9670826E-16
 -5.8591742E+04  2.0318334E-16
 -5.8541988E+04  2.0286737E-16
 -5.8492266E+04  1.9536647E-16
 -5.8442520E+04  1.8444223E-16
 -5.8392770E+04  1.7533835E-16
 -5.8343039E+04  1.7131620E-16
 -5.8293293E+04  1.7231772E-16
 -5.8243562E+04  1.7666696E-16
 -5.8193816E+04  1.8254358E-16
 -5.8144070E+04  1.8726965E-16
 -5.8094340E+04  1.8777560E-16
 -5.8044602E+04  1.8345348E-16
 -5.7994879E+04  1.7701017E-16
 -5.7945133E+04  1.7131538E-16
 -5.7895402E+04  1.6712877E-16
 -5.7845656E+04  1.6431707E-16
 -5.7795926E+04  1.6328703E-16
 -5.7746180E+04  1.6370648E-16
 -5.7696434E+04  1.6317997E-16
 -5.7646703E+04  1.5887923E-16
 -5.7596973E+04  1.5037443E-16
 -5.7547242E+04  1.4001751E-16
 -5.7497496E+04  1.3108945E-16
 -5.7447766E+04  1.2634153E-16
 -5.7398039E+04  1.2720368E-16
 -5.7348312E+04  1.3282673E-16
 -5.7298559E+04  1.4002932E-16
 -5.7248832E+04  1.4551765E-16
 -5.7199102E+04  1.4847437E-16
 -5.7149367E+04  1.5037220E-16
 -5.7099645E+04  1.5244976E-16
 -5.7049914E+04  1.5411074E-16
 -5.7000168E+04  1.5371542E-16
 -5.6950453E+04  1.5061413E-16
 -5.6900711E+04  1.4598572E-16
 -5.6850992E+04  1.4175908E-16
 -5.6801254E+04  1.3900806E-16
 -5.6751539E+04  1.3700665E-16
 -5.6701793E+04  1.3341359E-16
 -5.6652082E+04  1.2572599E-16
 -5.6602336E+04  1.1329011E-16
 -5.6552602E+04  9.8415031E-17
 -5.6502871E+04  8.5039898E-17
 -5.6453164E+04  7.6175943E-17
 -5.6403449E+04  7.2645615E-17
 -5.6353699E+04  7.3678115E-17
 -5.6303988E+04  7.8050930E-17
 -5.6254242E+04  8.4449853E-17
 -5.6204535E+04  9.1083180E-17
 -5.6154781E+04  9.5713333E-17
 -5.6105070E+04  9.6617256E-17
 -5.6055359E+04  9.4066331E-17
 -5.6005625E+04  9.0883432E-17
 -5.5955895E+04  9.0838361E-17
 -5.5906172E+04  9.5319185E-17
 -5.5856441E+04  1.0163816E-16
 -5.5806715E+04  1.0580852E-16
 -5.5757000E+04  1.0696863E-16
 -5.5707289E+04  1.0792236E-16
 -5.5657559E+04  1.1164859E-16
 -5.5607848E+04  1.1816478E-16
 -5.5558102E+04  1.2466943E-16
 -5.5508383E+04  1.2808324E-16
 -5.5458676E+04  1.2734475E-16
 -5.5408949E+04  1.2368026E-16
 -5.5359219E+04  1.1923816E-16
 -5.5309523E+04  1.1564124E-16
 -5.5259797E+04  1.1306981E-16
 -5.5210082E+04  1.1043060E-16
 -5.5160336E+04  1.0686589E-16
 -5.5110633E+04  1.0306086E-16
 -5.5060910E+04  1.0048693E-16
 -5.5011184E+04  9.9535139E-17
 -5.4961473E+04  9.8935189E-17
 -5.4911777E+04  9.7167808E-17
 -5.4862062E+04  9.3808178E-17
 -5.4812316E+04  8.9280879E-17
 -5.4762613E+04  8.3965165E-17
 -5.4712879E+04  7.8633364E-17
 -5.4663164E+04  7.5316760E-17
 -5.4613453E+04  7.6182845E-17
 -5.4563762E+04  8.1312099E-17
 -5.4514031E+04  8.8438995E-17
 -5.4464324E+04  9.4512883E-17
 -5.4414590E+04  9.7144846E-17
 -5.4364875E+04  9.5621159E-17
 -5.4315168E+04  9.1748445E-17
 -5.4265441E+04  8.9003952E-17
 -5.4215730E+04  8.9674187E-17
 -5.4166031E+04  9.2616667E-17
 -5.4116340E+04  9.4426121E-17
 -5.4066621E+04  9.2986086E-17
 -5.4016898E+04  8.9585394E-17
 -5.3967184E+04  8.7771963E-17
 -5.3917480E+04  9.0646634E-17
 -5.3867742E+04  9.8502745E-17
 -5.3818027E+04  1.0784867E-16
 -5.3768348E+04  1.1338294E-16
 -5.3718645E+04  1.1212903E-16
 -5.3668918E+04  1.0575340E-16
 -5.3619207E+04  9.8575491E-17
 -5.3569512E+04  9.3390776E-17
 -5.3519797E+04  8.9987596E-17
 -5.3470066E+04  8.7016032E-17
 -5.3420375E+04  8.4064010E-17
 -5.3370680E+04  8.1717801E-17
 -5.3320969E+04  8.0753388E-17
 -5.3271238E+04  8.2440076E-17
 -5.3221547E+04  8.8935627E-17
 -5.3171836E+04  1.0146554E-16
 -5.3122129E+04  1.1752560E-16
 -5.3072410E+04  1.3087231E-16
 -5.3022719E+04  1.3521698E-16
 -5.2973027E+04  1.2839820E-16
 -5.2923309E+04  1.1358488E-16
 -5.2873598E+04  9.7285877E-17
 -5.2823891E+04  8.5338391E-17
 -5.2774180E+04  7.9697039E-17
 -5.2724488E+04  7.8236635E-17
 -5.2674773E+04  7.7589455E-17
 -5.2625098E+04  7.6093344E-17
 -5.2575367E+04  7.4316064E-17
 -5.2525668E+04  7.3567736E-17
 -5.2475961E+04  7.4390086E-17
 -5.2426266E+04  7.6006986E-17
 -5.2376574E+04  7.7067921E-17
 -5.2326848E+04  7.7155060E-17
 -5.2277148E+04  7.7093312E-17
 -5.2227457E+04  7.7081037E-17
 -5.2177762E+04  7.5646646E-17
 -5.2128070E+04  7.1093288E-17
 -5.2078363E+04  6.3263369E-17
 -5.2028660E+04  5.3921783E-17
 -5.1978930E+04  4.5956487E-17
 -5.1929234E+04  4.1949188E-17
 -5.1879566E+04  4.2563634E-17
 -5.1829867E+04  4.6241593E-17
 -5.1780160E+04  5.0543154E-17
 -5.1730465E+04  5.3626682E-17
 -5.1680773E+04  5.4951090E-17
 -5.1631082E+04  5.5066565E-17
 -5.1581348E+04  5.4625813E-17
 -5.1531656E+04  5.3575807E-17
 -5.1481980E+04  5.1149772E-17
 -5.1432289E+04  4.6642819E-17
 -5.1382570E+04  4.0611193E-17
 -5.1332879E+04  3.5450324E-17
 -5.1283188E+04  3.4098314E-17
 -5.1233496E+04  3.7639745E-17
 -5.1183801E+04  4.4387187E-17
 -5.1134086E+04  5.1243617E-17
 -5.1084430E+04  5.5471331E-17
 -5.1034719E+04  5.5667541E-17
 -5.0985008E+04  5.2224088E-17
 -5.0935305E+04  4.7180142E-17
 -5.0885617E+04  4.2700810E-17
 -5.0835926E+04  3.9259481E-17
 -5.0786227E+04  3.5626752E-17
 -5.0736551E+04  3.0870860E-17
 -5.0686863E+04  2.6187503E-17
 -5.0637168E+04  2.4359549E-17
 -5.0587477E+04  2.7313998E-17
 -5.0537781E+04  3.4413341E-17
 -5.0488078E+04  4.3098552E-17
 -5.0438375E+04  5.0544501E-17
 -5.0388684E+04  5.4781690E-17
 -5.0338996E+04  5.5327097E-17
 -5.0289344E+04  5.3385181E-17
 -5.0239633E+04  5.0910991E-17
 -5.0189941E+04  4.9379490E-17
 -5.0140242E+04  4.9111721E-17
 -5.0090562E+04  4.8928051E-17
 -5.0040859E+04  4.6528956E-17
 -4.9991168E+04  4.0655080E-17
 -4.9941492E+04  3.3217423E-17
 -4.9891816E+04  2.8292456E-17
 -4.9842121E+04  2.8517617E-17
 -4.9792430E+04  3.2758394E-17
 -4.9742730E+04  3.7077507E-17
 -4.9693039E+04  3.7974241E-17
 -4.9643363E+04  3.5134834E-17
 -4.9593672E+04  3.1514394E-17
 -4.9543996E+04  3.0663135E-17
 -4.9494301E+04  3.3663604E-17
 -4.9444621E+04  3.8383017E-17
 -4.9394934E+04  4.1298603E-17
 -4.9345242E+04  4.0101355E-17
 -4.9295562E+04  3.5250216E-17
 -4.9245867E+04  2.9587701E-17
 -4.9196191E+04  2.6225202E-17
 -4.9146516E+04  2.6236401E-17
 -4.9096816E+04  2.8338761E-17
 -4.9047125E+04  3.0451453E-17
 -4.8997453E+04  3.1485330E-17
 -4.8947758E+04  3.2026561E-17
 -4.8898082E+04  3.3527331E-17
 -4.8848391E+04  3.6489230E-17
 -4.8798715E+04  3.9545841E-17
 -4.8749055E+04  4.0822862E-17
 -4.8699344E+04  4.0418040E-17
 -4.8649684E+04  4.0659004E-17
 -4.8599992E+04  4.3280644E-17
 -4.8550316E+04  4.6755885E-17
 -4.8500617E+04  4.7774872E-17
 -4.8450945E+04  4.5451444E-17
 -4.8401270E+04  4.2851731E-17
 -4.8351594E+04  4.4041177E-17
 -4.8301902E+04  5.0501286E-17
 -4.8252227E+04  5.9974995E-17
 -4.8202555E+04  6.7767361E-17
 -4.8152855E+04  6.9368286E-17
 -4.8103180E+04  6.3551122E-17
 -4.8053484E+04  5.3537846E-17
 -4.8003844E+04  4.4790497E-17
 -4.7954168E+04  4.1424811E-17
 -4.7904477E+04  4.4336064E-17
 -4.7854801E+04  5.1195899E-17
 -4.7805105E+04  5.7737465E-17
 -4.7755426E+04  6.0439308E-17
 -4.7705754E+04  5.8996229E-17
 -4.7656059E+04  5.6012469E-17
 -4.7606402E+04  5.4513393E-17
 -4.7556723E+04  5.6072992E-17
 -4.7507070E+04  6.0258473E-17
 -4.7457375E+04  6.4466837E-17
 -4.7407699E+04  6.5283655E-17
 -4.7358023E+04  6.1787758E-17
 -4.7308352E+04  5.6725962E-17
 -4.7258672E+04  5.3307479E-17
 -4.7208996E+04  5.1840905E-17
 -4.7159320E+04  5.0396207E-17
 -4.7109660E+04  4.7522949E-17
 -4.7059969E+04  4.3274023E-17
 -4.7010293E+04  3.8666849E-17
 -4.6960617E+04  3.5144704E-17
 -4.6910938E+04  3.4170752E-17
 -4.6861281E+04  3.6485845E-17
 -4.6811625E+04  4.1585688E-17
 -4.6761953E+04  4.7882710E-17
 -4.6712254E+04  5.3321485E-17
 -4.6662578E+04  5.6211952E-17
 -4.6612902E+04  5.6042181E-17
 -4.6563227E+04  5.3439669E-17
 -4.6513551E+04  4.9258708E-17
 -4.6463910E+04  4.4128435E-17
 -4.6414230E+04  3.8987166E-17
 -4.6364559E+04  3.5399135E-17
 -4.6314883E+04  3.4971615E-17
 -4.6265207E+04  3.8310877E-17
 -4.6215531E+04  4.4083697E-17
 -4.6165855E+04  4.9373253E-17
 -4.6116199E+04  5.1519843E-17
 -4.6066535E+04  4.9894760E-17
 -4.6016863E+04  4.6048318E-17
 -4.5967188E+04  4.2369849E-17
 -4.5917512E+04  4.0155076E-17
 -4.5867852E+04  3.8809485E-17
 -4.5818180E+04  3.7545725E-17
 -4.5768504E+04  3.7172435E-17
 -4.5718840E+04  3.8991666E-17
 -4.5669188E+04  4.2373181E-17
 -4.5619512E+04  4.4787625E-17
 -4.5569836E+04  4.4592486E-17
 -4.5520176E+04  4.3286573E-17
 -4.5470500E+04  4.4314540E-17
 -4.5420844E+04  4.9777675E-17
 -4.5371172E+04  5.8570343E-17
 -4.5321508E+04  6.7558680E-17
 -4.5271832E+04  7.3350883E-17
 -4.5222160E+04  7.2950488E-17
 -4.5172516E+04  6.5112779E-17
 -4.5122840E+04  5.2252222E-17
 -4.5073164E+04  4.0064328E-17
 -4.5023488E+04  3.4039319E-17
 -4.4973812E+04  3.5795037E-17
 -4.4924191E+04  4.2336371E-17
 -4.4874516E+04  4.8744953E-17
 -4.4824840E+04  5.1946880E-17
 -4.4775160E+04  5.2388673E-17
 -4.4725523E+04  5.1947783E-17
 -4.4675848E+04  5.1118607E-17
 -4.4626176E+04  4.8975647E-17
 -4.4576531E+04  4.5167370E-17
 -4.4526871E+04  4.1061772E-17
 -4.4477195E+04  3.9044900E-17
 -4.4427559E+04  4.0920919E-17
 -4.4377887E+04  4.6459148E-17
 -4.4328203E+04  5.3131081E-17
 -4.4278547E+04  5.7885974E-17
 -4.4228875E+04  5.9628737E-17
 -4.4179215E+04  5.9471288E-17
 -4.4129570E+04  5.8345343E-17
 -4.4079898E+04  5.5635400E-17
 -4.4030238E+04  5.0712504E-17
 -4.3980586E+04  4.4469101E-17
 -4.3930906E+04  3.8481938E-17
 -4.3881246E+04  3.3608745E-17
 -4.3831590E+04  2.9784941E-17
 -4.3781930E+04  2.7209345E-17
 -4.3732270E+04  2.7525054E-17
 -4.3682633E+04  3.3180527E-17
 -4.3632957E+04  4.4656004E-17
 -4.3583285E+04  5.8773869E-17
 -4.3533641E+04  7.0806151E-17
 -4.3483965E+04  7.8144388E-17
 -4.3434309E+04  8.1263712E-17
 -4.3384648E+04  8.2268393E-17
 -4.3335008E+04  8.3287870E-17
 -4.3285352E+04  8.5605696E-17
 -4.3235676E+04  8.8838417E-17
 -4.3186035E+04  9.0757066E-17
 -4.3136359E+04  8.8785577E-17
 -4.3086699E+04  8.2586731E-17
 -4.3037043E+04  7.5488926E-17
 -4.2987402E+04  7.2985256E-17
 -4.2937727E+04  7.9112844E-17
 -4.2888090E+04  9.3456904E-17
 -4.2838430E+04  1.1073223E-16
 -4.2788754E+04  1.2336434E-16
 -4.2739113E+04  1.2579040E-16
 -4.2689453E+04  1.1766732E-16
 -4.2639773E+04  1.0371908E-16
 -4.2590156E+04  9.1137747E-17
 -4.2540496E+04  8.6263404E-17
 -4.2490824E+04  9.1348645E-17
 -4.2441184E+04  1.0228685E-16
 -4.2391523E+04  1.1045729E-16
 -4.2341848E+04  1.0861681E-16
 -4.2292207E+04  9.6669336E-17
 -4.2242551E+04  8.2490196E-17
 -4.2192910E+04  7.6626161E-17
 -4.2143254E+04  8.4389211E-17
 -4.2093590E+04  1.0144718E-16
 -4.2043953E+04  1.1683341E-16
 -4.1994277E+04  1.2157644E-16
 -4.1944621E+04  1.1582512E-16
 -4.1894980E+04  1.0787438E-16
 -4.1845320E+04  1.0542307E-16
 -4.1795684E+04  1.0840576E-16
 -4.1746023E+04  1.1098626E-16
 -4.1696367E+04  1.0916968E-16
 -4.1646727E+04  1.0488735E-16
 -4.1597066E+04  1.0303085E-16
 -4.1547391E+04  1.0679197E-16
 -4.1497750E+04  1.1566076E-16
 -4.1448094E+04  1.2620377E-16
 -4.1398473E+04  1.3407598E-16
 -4.1348809E+04  1.3658041E-16
 -4.1299172E+04  1.3387528E-16
 -4.1249496E+04  1.2825513E-16
 -4.1199840E+04  1.2282245E-16
 -4.1150199E+04  1.2106877E-16
 -4.1100547E+04  1.2623208E-16
 -4.1050914E+04  1.3945393E-16
 -4.1001262E+04  1.5775629E-16
 -4.0951602E+04  1.7504719E-16
 -4.0901961E+04  1.8637903E-16
 -4.0852305E+04  1.9127474E-16
 -4.0802664E+04  1.9213706E-16
 -4.0752988E+04  1.9113468E-16
 -4.0703328E+04  1.8968285E-16
 -4.0653707E+04  1.8939219E-16
 -4.0604051E+04  1.9185599E-16
 -4.0554410E+04  1.9732039E-16
 -4.0504758E+04  2.0354964E-16
 -4.0455094E+04  2.0650215E-16
 -4.0405453E+04  2.0390027E-16
 -4.0355797E+04  1.9806271E-16
 -4.0306156E+04  1.9304283E-16
 -4.0256516E+04  1.8947707E-16
 -4.0206875E+04  1.8514798E-16
 -4.0157219E+04  1.7960906E-16
 -4.0107559E+04  1.7479555E-16
 -4.0057918E+04  1.7108342E-16
 -4.0008262E+04  1.6680964E-16
 -3.9958621E+04  1.6239670E-16
 -3.9908980E+04  1.6195206E-16
 -3.9859359E+04  1.6845762E-16
 -3.9809699E+04  1.7901197E-16
 -3.9760062E+04  1.8648019E-16
 -3.9710402E+04  1.8544612E-16
 -3.9660762E+04  1.7548777E-16
 -3.9611105E+04  1.6026455E-16
 -3.9561445E+04  1.4515981E-16
 -3.9511805E+04  1.3495138E-16
 -3.9462168E+04  1.3146213E-16
 -3.9412543E+04  1.3319438E-16
 -3.9362887E+04  1.3742167E-16
 -3.9313246E+04  1.4220744E-16
 -3.9263586E+04  1.4660902E-16
 -3.9213949E+04  1.4962269E-16
 -3.9164289E+04  1.4960513E-16
 -3.9114633E+04  1.4550970E-16
 -3.9065027E+04  1.3922634E-16
 -3.9015387E+04  1.3594318E-16
 -3.8965730E+04  1.4007250E-16
 -3.8916090E+04  1.5017415E-16
 -3.8866430E+04  1.5931521E-16
 -3.8816809E+04  1.6086556E-16
 -3.8767152E+04  1.5356365E-16
 -3.8717492E+04  1.4166319E-16
 -3.8667871E+04  1.3163814E-16
 -3.8618246E+04  1.2810829E-16
 -3.8568590E+04  1.3103393E-16
 -3.8518934E+04  1.3593723E-16
 -3.8469293E+04  1.3745268E-16
 -3.8419668E+04  1.3365198E-16
 -3.8370012E+04  1.2728453E-16
 -3.8320391E+04  1.2232618E-16
 -3.8270730E+04  1.1948854E-16
 -3.8221109E+04  1.1597629E-16
 -3.8171449E+04  1.0944904E-16
 -3.8121793E+04  1.0070862E-16
 -3.8072172E+04  9.2475788E-17
 -3.8022512E+04  8.6701624E-17
 -3.7972871E+04  8.3486439E-17
 -3.7923270E+04  8.1600984E-17
 -3.7873609E+04  7.9411020E-17
 -3.7823969E+04  7.5537234E-17
 -3.7774328E+04  6.9576180E-17
 -3.7724691E+04  6.2379708E-17
 -3.7675031E+04  5.5577114E-17
 -3.7625410E+04  5.0468787E-17
 -3.7575750E+04  4.7534460E-17
 -3.7526129E+04  4.6952075E-17
 -3.7476488E+04  4.9595017E-17
 -3.7426848E+04  5.6630849E-17
 -3.7377191E+04  6.7626786E-17
 -3.7327566E+04  7.9267156E-17
 -3.7277910E+04  8.7007965E-17
 -3.7228289E+04  8.8497976E-17
 -3.7178629E+04  8.5551433E-17
 -3.7129027E+04  8.2389889E-17
 -3.7079387E+04  8.2092640E-17
 -3.7029727E+04  8.4615442E-17
 -3.6980105E+04  8.7566034E-17
 -3.6930445E+04  8.8054011E-17
 -3.6880824E+04  8.4240497E-17
 -3.6831168E+04  7.6386066E-17
 -3.6781543E+04  6.6951906E-17
 -3.6731906E+04  5.9214750E-17
 -3.6682281E+04  5.5004123E-17
 -3.6632625E+04  5.3474987E-17
 -3.6582984E+04  5.2040589E-17
 -3.6533344E+04  4.8617517E-17
 -3.6483703E+04  4.3212054E-17
 -3.6434082E+04  3.7277970E-17
 -3.6384422E+04  3.2102608E-17
 -3.6334820E+04  2.8134206E-17
 -3.6285160E+04  2.5260051E-17
 -3.6235539E+04  2.3283634E-17
 -3.6185918E+04  2.2134786E-17
 -3.6136258E+04  2.1900886E-17
 -3.6086637E+04  2.2569484E-17
 -3.6036977E+04  2.3848706E-17
 -3.5987355E+04  2.5478142E-17
 -3.5937715E+04  2.7385508E-17
 -3.5888094E+04  2.9576471E-17
 -3.5838434E+04  3.2279069E-17
 -3.5788812E+04  3.5743249E-17
 -3.5739156E+04  3.9094157E-17
 -3.5689531E+04  4.0025794E-17
 -3.5639910E+04  3.6842433E-17
 -3.5590254E+04  3.0859280E-17
 -3.5540648E+04  2.5717843E-17
 -3.5490988E+04  2.3901180E-17
 -3.5441367E+04  2.5096092E-17
 -3.5391746E+04  2.7615766E-17
 -3.5342086E+04  2.9949917E-17
 -3.5292465E+04  3.0865761E-17
 -3.5242809E+04  2.9559293E-17
 -3.5193203E+04  2.6353172E-17
 -3.5143582E+04  2.2500201E-17
 -3.5093922E+04  1.8998621E-17
 -3.5044301E+04  1.6378634E-17
 -3.4994660E+04  1.5374030E-17
 -3.4945020E+04  1.6673804E-17
 -3.4895379E+04  1.9988454E-17
 -3.4845758E+04  2.4022543E-17
 -3.4796137E+04  2.7250951E-17
 -3.4746496E+04  2.8834663E-17
 -3.4696871E+04  2.9619435E-17
 -3.4647215E+04  3.1940061E-17
 -3.4597594E+04  3.7281282E-17
 -3.4547969E+04  4.4305425E-17
 -3.4498312E+04  5.0082904E-17
 -3.4448691E+04  5.2725895E-17
 -3.4399086E+04  5.2006384E-17
 -3.4349426E+04  4.8245160E-17
 -3.4299805E+04  4.2324552E-17
 -3.4250164E+04  3.6691343E-17
 -3.4200543E+04  3.5048923E-17
 -3.4150887E+04  3.9533261E-17
 -3.4101262E+04  4.7981022E-17
 -3.4051641E+04  5.4846118E-17
 -3.4002000E+04  5.6139173E-17
 -3.3952379E+04  5.3332109E-17
 -3.3902754E+04  5.1621778E-17
 -3.3853117E+04  5.4799121E-17
 -3.3803477E+04  6.2081222E-17
 -3.3753836E+04  6.9209891E-17
 -3.3704211E+04  7.2343820E-17
 -3.3654590E+04  7.1444337E-17
 -3.3604949E+04  6.9991868E-17
 -3.3555328E+04  7.1146797E-17
 -3.3505707E+04  7.4511741E-17
 -3.3456066E+04  7.7716914E-17
 -3.3406445E+04  8.0683170E-17
 -3.3356785E+04  8.6502896E-17
 -3.3307164E+04  9.7626040E-17
 -3.3257539E+04  1.1225656E-16
 -3.3207918E+04  1.2472409E-16
 -3.3158297E+04  1.2943164E-16
 -3.3108656E+04  1.2509036E-16
 -3.3059016E+04  1.1588010E-16
 -3.3009395E+04  1.0881577E-16
 -3.2959754E+04  1.0926243E-16
 -3.2910133E+04  1.1792293E-16
 -3.2860492E+04  1.3164392E-16
 -3.2810867E+04  1.4669038E-16
 -3.2761250E+04  1.6083197E-16
 -3.2711625E+04  1.7259236E-16
 -3.2661984E+04  1.8009710E-16
 -3.2612365E+04  1.8227147E-16
 -3.2562703E+04  1.8097988E-16
 -3.2513076E+04  1.8070750E-16
 -3.2463467E+04  1.8502222E-16
 -3.2413857E+04  1.9320180E-16
 -3.2364217E+04  2.0131751E-16
 -3.2314590E+04  2.0750603E-16
 -3.2264973E+04  2.1516029E-16
 -3.2215312E+04  2.2898419E-16
 -3.2165688E+04  2.4795354E-16
 -3.2116051E+04  2.6452659E-16
 -3.2066430E+04  2.7158756E-16
 -3.2016822E+04  2.6874164E-16
 -3.1967184E+04  2.6087710E-16
 -3.1917561E+04  2.5313476E-16
 -3.1867936E+04  2.4880685E-16
 -3.1818297E+04  2.5039024E-16
 -3.1768658E+04  2.5969019E-16
 -3.1719018E+04  2.7568527E-16
 -3.1669396E+04  2.9370433E-16
 -3.1619791E+04  3.0853255E-16
 -3.1570170E+04  3.1875901E-16
 -3.1520531E+04  3.2784288E-16
 -3.1470906E+04  3.4057638E-16
 -3.1421285E+04  3.5762639E-16
 -3.1371641E+04  3.7388482E-16
 -3.1322020E+04  3.8322870E-16
 -3.1272418E+04  3.8478428E-16
 -3.1222779E+04  3.8206477E-16
 -3.1173137E+04  3.7666266E-16
 -3.1123494E+04  3.6704849E-16
 -3.1073875E+04  3.5362003E-16
 -3.1024254E+04  3.4069309E-16
 -3.0974611E+04  3.3290330E-16
 -3.0924990E+04  3.3248380E-16
 -3.0875385E+04  3.3925538E-16
 -3.0825764E+04  3.4961849E-16
 -3.0776123E+04  3.5600175E-16
 -3.0726502E+04  3.5137285E-16
 -3.0676877E+04  3.3617261E-16
 -3.0627238E+04  3.1847748E-16
 -3.0577615E+04  3.0597826E-16
 -3.0527973E+04  2.9903490E-16
 -3.0478371E+04  2.9302115E-16
 -3.0428750E+04  2.8531145E-16
 -3.0379127E+04  2.7821573E-16
 -3.0329490E+04  2.7541848E-16
 -3.0279865E+04  2.7840872E-16
 -3.0230244E+04  2.8646207E-16
 -3.0180600E+04  2.9747535E-16
 -3.0130979E+04  3.0776220E-16
 -3.0081377E+04  3.1307232E-16
 -3.0031734E+04  3.1120930E-16
 -2.9982113E+04  3.0325958E-16
 -2.9932490E+04  2.9230919E-16
 -2.9882852E+04  2.8213778E-16
 -2.9833227E+04  2.7674816E-16
 -2.9783607E+04  2.7895548E-16
 -2.9733969E+04  2.8890491E-16
 -2.9684363E+04  3.0474792E-16
 -2.9634738E+04  3.2393152E-16
 -2.9585119E+04  3.4256667E-16
 -2.9535475E+04  3.5523498E-16
 -2.9485855E+04  3.5738549E-16
 -2.9436236E+04  3.4830958E-16
 -2.9386592E+04  3.3116709E-16
 -2.9336971E+04  3.1174833E-16
 -2.9287365E+04  2.9638151E-16
 -2.9237727E+04  2.8853007E-16
 -2.9188102E+04  2.8623705E-16
 -2.9138482E+04  2.8431577E-16
 -2.9088840E+04  2.8015244E-16
 -2.9039219E+04  2.7673646E-16
 -2.8989596E+04  2.7879158E-16
 -2.8939957E+04  2.8633816E-16
 -2.8890350E+04  2.9326745E-16
 -2.8840730E+04  2.9333916E-16
 -2.8791092E+04  2.8642753E-16
 -2.8741467E+04  2.7774861E-16
 -2.8691863E+04  2.7147046E-16
 -2.8642240E+04  2.6708394E-16
 -2.8592598E+04  2.6196559E-16
 -2.8542979E+04  2.5526103E-16
 -2.8493371E+04  2.4842283E-16
 -2.8443732E+04  2.4259622E-16
 -2.8394109E+04  2.3671823E-16
 -2.8344488E+04  2.2883249E-16
 -2.8294844E+04  2.1956380E-16
 -2.8245225E+04  2.1281892E-16
 -2.8195605E+04  2.1138173E-16
 -2.8145961E+04  2.1284580E-16
 -2.8096359E+04  2.1156022E-16
 -2.8046736E+04  2.0393013E-16
 -2.7997115E+04  1.9078194E-16
 -2.7947492E+04  1.7537796E-16
 -2.7897871E+04  1.6104502E-16
 -2.7848246E+04  1.5059300E-16
 -2.7798607E+04  1.4596282E-16
 -2.7748984E+04  1.4684967E-16
 -2.7699381E+04  1.4992659E-16
 -2.7649758E+04  1.5034325E-16
 -2.7600119E+04  1.4517576E-16
 -2.7550494E+04  1.3621669E-16
 -2.7500873E+04  1.2942319E-16
 -2.7451234E+04  1.3118494E-16
 -2.7401611E+04  1.4409875E-16
 -2.7352012E+04  1.6487017E-16
 -2.7302404E+04  1.8549411E-16
 -2.7252760E+04  1.9712823E-16
 -2.7203141E+04  1.9546318E-16
 -2.7153521E+04  1.8350703E-16
 -2.7103883E+04  1.6863039E-16
 -2.7054256E+04  1.5671943E-16
 -2.7004633E+04  1.4953467E-16
 -2.6954994E+04  1.4659316E-16
 -2.6905387E+04  1.4684257E-16
 -2.6855785E+04  1.4779073E-16
 -2.6806158E+04  1.4533544E-16
 -2.6756523E+04  1.3728421E-16
 -2.6706900E+04  1.2706806E-16
 -2.6657273E+04  1.2170696E-16
 -2.6607635E+04  1.2493208E-16
 -2.6558031E+04  1.3273160E-16
 -2.6508408E+04  1.3677907E-16
 -2.6458770E+04  1.3186657E-16
 -2.6409168E+04  1.1994335E-16
 -2.6359543E+04  1.0776854E-16
 -2.6309922E+04  1.0125519E-16
 -2.6260281E+04  1.0131045E-16
 -2.6210656E+04  1.0358705E-16
 -2.6161055E+04  1.0207200E-16
 -2.6111414E+04  9.3749401E-17
 -2.6061795E+04  8.0785966E-17
 -2.6012170E+04  6.8225308E-17
 -2.5962566E+04  5.9568624E-17
 -2.5912926E+04  5.4551274E-17
 -2.5863301E+04  5.0967084E-17
 -2.5813682E+04  4.7823417E-17
 -2.5764061E+04  4.6455856E-17
 -2.5714436E+04  4.8556670E-17
 -2.5664814E+04  5.3388149E-17
 -2.5615174E+04  5.7474613E-17
 -2.5565549E+04  5.7223051E-17
 -2.5515947E+04  5.2106267E-17
 -2.5466326E+04  4.5293449E-17
 -2.5416688E+04  4.1032440E-17
 -2.5367082E+04  4.1346649E-17
 -2.5317461E+04  4.5254859E-17
 -2.5267818E+04  5.0314604E-17
 -2.5218195E+04  5.4301995E-17
 -2.5168574E+04  5.5889179E-17
 -2.5118969E+04  5.4490983E-17
 -2.5069330E+04  5.0190960E-17
 -2.5019711E+04  4.4143162E-17
 -2.4970102E+04  3.8952805E-17
 -2.4920480E+04  3.7675139E-17
 -2.4870840E+04  4.1479607E-17
 -2.4821217E+04  4.7864859E-17
 -2.4771578E+04  5.1862613E-17
 -2.4721957E+04  4.9998274E-17
 -2.4672348E+04  4.3331436E-17
 -2.4622729E+04  3.6186581E-17
 -2.4573123E+04  3.2518306E-17
 -2.4523484E+04  3.3650386E-17
 -2.4473859E+04  3.8326117E-17
 -2.4424221E+04  4.3337726E-17
 -2.4374600E+04  4.4898053E-17
 -2.4324977E+04  4.1263051E-17
 -2.4275371E+04  3.4074259E-17
 -2.4225732E+04  2.6481317E-17
 -2.4176127E+04  2.0384804E-17
 -2.4126506E+04  1.6067252E-17
 -2.4076885E+04  1.3426832E-17
 -2.4027242E+04  1.2118479E-17
 -2.3977621E+04  1.0910104E-17
 -2.3927979E+04  8.2517850E-18
 -2.3878357E+04  3.6950427E-18
 -2.3828754E+04 -1.4962452E-18
 -2.3779152E+04 -5.1030592E-18
 -2.3729527E+04 -5.2950883E-18
 -2.3679887E+04 -2.0713705E-18
 -2.3630266E+04  2.3569463E-18
 -2.3580643E+04  4.9663862E-18
 -2.3531004E+04  4.2159737E-18
 -2.3481381E+04  1.1682458E-18
 -2.3431740E+04 -1.4875770E-18
 -2.3382172E+04 -1.4911095E-18
 -2.3332531E+04  1.7128312E-18
 -2.3282910E+04  7.0002947E-18
 -2.3233287E+04  1.2229653E-17
 -2.3183646E+04  1.5063025E-17
 -2.3134023E+04  1.4252248E-17
 -2.3084402E+04  1.0635731E-17
 -2.3034762E+04  6.5060522E-18
 -2.2985158E+04  3.9553403E-18
 -2.2935553E+04  4.1759349E-18
 -2.2885930E+04  7.6714103E-18
 -2.2836291E+04  1.3866953E-17
 -2.2786668E+04  2.0713446E-17
 -2.2737047E+04  2.5732517E-17
 -2.2687406E+04  2.7821886E-17
 -2.2637781E+04  2.7955700E-17
 -2.2588180E+04  2.8357594E-17
 -2.2538537E+04  3.0706463E-17
 -2.2488916E+04  3.4436035E-17
 -2.2439293E+04  3.6963198E-17
 -2.2389689E+04  3.6148948E-17
 -2.2340049E+04  3.2245486E-17
 -2.2290428E+04  2.7145970E-17
 -2.2240805E+04  2.2353764E-17
 -2.2191184E+04  1.8552235E-17
 -2.2141561E+04  1.6104704E-17
 -2.2091939E+04  1.4789754E-17
 -2.2042299E+04  1.3651379E-17
 -2.1992676E+04  1.2117411E-17
 -2.1943055E+04  1.0983638E-17
 -2.1893412E+04  1.1475022E-17
 -2.1843791E+04  1.3199944E-17
 -2.1794205E+04  1.3823309E-17
 -2.1744582E+04  1.1042941E-17
 -2.1694941E+04  4.8002102E-18
 -2.1645320E+04 -2.2353663E-18
 -2.1595697E+04 -6.2249146E-18
 -2.1546059E+04 -4.3172711E-18
 -2.1496438E+04  3.9701522E-18
 -2.1446832E+04  1.6780052E-17
 -2.1397209E+04  3.1220308E-17
 -2.1347568E+04  4.4914273E-17
 -2.1297945E+04  5.6580855E-17
 -2.1248307E+04  6.4964105E-17
 -2.1198684E+04  6.8055842E-17
 -2.1149062E+04  6.4357782E-17
 -2.1099422E+04  5.4837006E-17
 -2.1049816E+04  4.2707676E-17
 -2.1000195E+04  3.1152750E-17
 -2.0950590E+04  2.1940939E-17
 -2.0900969E+04  1.5763472E-17
 -2.0851328E+04  1.2874315E-17
 -2.0801703E+04  1.3526711E-17
 -2.0752068E+04  1.8025490E-17
 -2.0702443E+04  2.5978965E-17
 -2.0652838E+04  3.5328732E-17
 -2.0603215E+04  4.3207720E-17
 -2.0553576E+04  4.8380153E-17
 -2.0503953E+04  5.2224091E-17
 -2.0454332E+04  5.6445541E-17
 -2.0404691E+04  6.0291031E-17
 -2.0355070E+04  6.1153363E-17
 -2.0305447E+04  5.7879568E-17
 -2.0255822E+04  5.2857830E-17
 -2.0206203E+04  5.0386129E-17
 -2.0156578E+04  5.2908480E-17
 -2.0106939E+04  5.8869233E-17
 -2.0057318E+04  6.4420072E-17
 -2.0007695E+04  6.6999452E-17
 -1.9958055E+04  6.6665854E-17
 -1.9908434E+04  6.4238959E-17
 -1.9858828E+04  5.9489334E-17
 -1.9809207E+04  5.2304185E-17
 -1.9759566E+04  4.4768424E-17
 -1.9709943E+04  4.0612745E-17
 -1.9660305E+04  4.1711006E-17
 -1.9610682E+04  4.5833780E-17
 -1.9561059E+04  4.8673620E-17
 -1.9511420E+04  4.7774465E-17
 -1.9461814E+04  4.3813745E-17
 -1.9412193E+04  3.8831448E-17
 -1.9362570E+04  3.4194297E-17
 -1.9312930E+04  3.0261966E-17
 -1.9263309E+04  2.7334253E-17
 -1.9213686E+04  2.6643266E-17
 -1.9164045E+04  2.9949166E-17
 -1.9114424E+04  3.7980345E-17
 -1.9064818E+04  4.9445049E-17
 -1.9015160E+04  6.1870264E-17
 -1.8965539E+04  7.3017847E-17
 -1.8915898E+04  8.1483306E-17
 -1.8866275E+04  8.6382868E-17
 -1.8816654E+04  8.7452148E-17
 -1.8767014E+04  8.5267405E-17
 -1.8717391E+04  8.1537403E-17
 -1.8667787E+04  7.8839928E-17
 -1.8618164E+04  7.9495915E-17
 -1.8568523E+04  8.4210758E-17
 -1.8518902E+04  9.1457999E-17
 -1.8469279E+04  9.8148818E-17
 -1.8419641E+04  1.0137209E-16
 -1.8370018E+04  1.0022922E-16
 -1.8320395E+04  9.6124654E-17
 -1.8270756E+04  9.0630322E-17
 -1.8221133E+04  8.3493328E-17
 -1.8171492E+04  7.3484893E-17
 -1.8121871E+04  6.1097294E-17
 -1.8072248E+04  4.8922191E-17
 -1.8022607E+04  3.9628198E-17
 -1.7972986E+04  3.4485656E-17
 -1.7923363E+04  3.3590551E-17
 -1.7873760E+04  3.6239507E-17
 -1.7824102E+04  4.0847337E-17
 -1.7774479E+04  4.5399252E-17
 -1.7724838E+04  4.8188386E-17
 -1.7675217E+04  4.7578430E-17
 -1.7625594E+04  4.2282750E-17
 -1.7575953E+04  3.2924432E-17
 -1.7526332E+04  2.2634577E-17
 -1.7476727E+04  1.5018475E-17
 -1.7427068E+04  1.1878708E-17
 -1.7377447E+04  1.2800164E-17
 -1.7327807E+04  1.5965176E-17
 -1.7278184E+04  1.9401654E-17
 -1.7228562E+04  2.2195182E-17
 -1.7178922E+04  2.4807616E-17
 -1.7129299E+04  2.7705996E-17
 -1.7079678E+04  2.9811583E-17
 -1.7030037E+04  2.8900897E-17
 -1.6980414E+04  2.3618132E-17
 -1.6930793E+04  1.5085167E-17
 -1.6881135E+04  6.6981732E-18
 -1.6831512E+04  2.6202809E-18
 -1.6781873E+04  5.6814317E-18
 -1.6732268E+04  1.5794878E-17
 -1.6682646E+04  2.9694755E-17
 -1.6632988E+04  4.2329092E-17
 -1.6583365E+04  4.9348374E-17
 -1.6533742E+04  4.9392731E-17
 -1.6484104E+04  4.4528863E-17
 -1.6434480E+04  3.8916922E-17
 -1.6384822E+04  3.6627869E-17
 -1.6335219E+04  3.9326535E-17
 -1.6285595E+04  4.4873843E-17
 -1.6235974E+04  4.8561391E-17
 -1.6186313E+04  4.6605219E-17
 -1.6136694E+04  3.8661615E-17
 -1.6087054E+04  2.7526180E-17
 -1.6037430E+04  1.7226897E-17
 -1.5987771E+04  1.1203247E-17
 -1.5938168E+04  1.0706318E-17
 -1.5888547E+04  1.4199404E-17
 -1.5838907E+04  1.9117592E-17
 -1.5789266E+04  2.4380129E-17
 -1.5739644E+04  3.0750998E-17
 -1.5690002E+04  3.9192066E-17
 -1.5640363E+04  4.9492757E-17
 -1.5590723E+04  6.0223526E-17
 -1.5541119E+04  6.9558147E-17
 -1.5491496E+04  7.6146237E-17
 -1.5441840E+04  7.8968418E-17
 -1.5392215E+04  7.7077537E-17
 -1.5342578E+04  7.0703825E-17
 -1.5292936E+04  6.2524498E-17
 -1.5243296E+04  5.6671361E-17
 -1.5193674E+04  5.5655213E-17
 -1.5144052E+04  5.8466012E-17
 -1.5094411E+04  6.2289744E-17
 -1.5044789E+04  6.5870384E-17
 -1.4995130E+04  7.0420334E-17
 -1.4945508E+04  7.7020560E-17
 -1.4895886E+04  8.4122157E-17
 -1.4846229E+04  8.8534378E-17
 -1.4796605E+04  8.9498672E-17
 -1.4746967E+04  9.0631500E-17
 -1.4697345E+04  9.5876056E-17
 -1.4647721E+04  1.0392059E-16
 -1.4598064E+04  1.0874846E-16
 -1.4548440E+04  1.0632595E-16
 -1.4498783E+04  9.8970652E-17
 -1.4449160E+04  9.2547799E-17
 -1.4399537E+04  9.1101682E-17
 -1.4349898E+04  9.4813612E-17
 -1.4300274E+04  1.0118446E-16
 -1.4250618E+04  1.0725886E-16
 -1.4200994E+04  1.1129486E-16
 -1.4151373E+04  1.1347188E-16
 -1.4101716E+04  1.1482933E-16
 -1.4052093E+04  1.1628968E-16
 -1.4002434E+04  1.1888966E-16
 -1.3952830E+04  1.2404453E-16
 -1.3903172E+04  1.3208698E-16
 -1.3853550E+04  1.4073124E-16
 -1.3803893E+04  1.4631251E-16
 -1.3754271E+04  1.4674729E-16
 -1.3704613E+04  1.4329060E-16
 -1.3654989E+04  1.4006807E-16
 -1.3605332E+04  1.4131278E-16
 -1.3555727E+04  1.4852040E-16
 -1.3506086E+04  1.6013431E-16
 -1.3456447E+04  1.7375182E-16
 -1.3406808E+04  1.8847109E-16
 -1.3357167E+04  2.0541025E-16
 -1.3307526E+04  2.2598598E-16
 -1.3257886E+04  2.4932237E-16
 -1.3208264E+04  2.7142573E-16
 -1.3158642E+04  2.8725680E-16
 -1.3108983E+04  2.9395169E-16
 -1.3059361E+04  2.9307920E-16
 -1.3009703E+04  2.9029391E-16
 -1.2960081E+04  2.9202168E-16
 -1.2910423E+04  3.0171864E-16
 -1.2860784E+04  3.1864644E-16
 -1.2811178E+04  3.3855023E-16
 -1.2761519E+04  3.5544197E-16
 -1.2711899E+04  3.6416691E-16
 -1.2662241E+04  3.6376095E-16
 -1.2612582E+04  3.5836791E-16
 -1.2562960E+04  3.5526587E-16
 -1.2513303E+04  3.5960069E-16
 -1.2463680E+04  3.6991361E-16
 -1.2414058E+04  3.7939569E-16
 -1.2364399E+04  3.8306663E-16
 -1.2314777E+04  3.8223577E-16
 -1.2265119E+04  3.8129686E-16
 -1.2215479E+04  3.8215466E-16
 -1.2165839E+04  3.8336581E-16
 -1.2116198E+04  3.8223267E-16
 -1.2066541E+04  3.7653330E-16
 -1.2016937E+04  3.6585756E-16
 -1.1967278E+04  3.5219752E-16
 -1.1917638E+04  3.3827680E-16
 -1.1867998E+04  3.2518754E-16
 -1.1818357E+04  3.1312135E-16
 -1.1768700E+04  3.0302466E-16
 -1.1719076E+04  2.9559488E-16
 -1.1669420E+04  2.8999152E-16
 -1.1619797E+04  2.8490173E-16
 -1.1570140E+04  2.7976286E-16
 -1.1520517E+04  2.7473212E-16
 -1.1470857E+04  2.7058388E-16
 -1.1421219E+04  2.6824419E-16
 -1.1371561E+04  2.6715075E-16
 -1.1321938E+04  2.6450404E-16
 -1.1272280E+04  2.5816370E-16
 -1.1222658E+04  2.5021361E-16
 -1.1173000E+04  2.4573786E-16
 -1.1123378E+04  2.4776060E-16
 -1.1073720E+04  2.5438088E-16
 -1.1024080E+04  2.6188424E-16
 -1.0974422E+04  2.6996684E-16
 -1.0924781E+04  2.8146272E-16
 -1.0875142E+04  2.9690723E-16
 -1.0825520E+04  3.1191792E-16
 -1.0775861E+04  3.2093237E-16
 -1.0726221E+04  3.2152344E-16
 -1.0676562E+04  3.1486462E-16
 -1.0626905E+04  3.0432647E-16
 -1.0577281E+04  2.9430096E-16
 -1.0527625E+04  2.8740839E-16
 -1.0477984E+04  2.8185410E-16
 -1.0428362E+04  2.7358606E-16
 -1.0378704E+04  2.6203316E-16
 -1.0329046E+04  2.5264761E-16
 -1.0279406E+04  2.5249610E-16
 -1.0229748E+04  2.6312713E-16
 -1.0180107E+04  2.7791540E-16
 -1.0130451E+04  2.8730180E-16
 -1.0080846E+04  2.8730767E-16
 -1.0031188E+04  2.8219003E-16
 -9.9815469E+03  2.7883470E-16
 -9.9318896E+03  2.8026629E-16
 -9.8822314E+03  2.8493762E-16
 -9.8325908E+03  2.8952303E-16
 -9.7829326E+03  2.9114775E-16
 -9.7332930E+03  2.8821154E-16
 -9.6836523E+03  2.8107401E-16
 -9.6340127E+03  2.7209861E-16
 -9.5843545E+03  2.6376241E-16
 -9.5346963E+03  2.5580916E-16
 -9.4850566E+03  2.4560207E-16
 -9.4353984E+03  2.3219569E-16
 -9.3857578E+03  2.1831901E-16
 -9.3361006E+03  2.0765676E-16
 -9.2864775E+03  2.0205251E-16
 -9.2368203E+03  2.0144464E-16
 -9.1871797E+03  2.0475665E-16
 -9.1375215E+03  2.0931669E-16
 -9.0878457E+03  2.1074822E-16
 -9.0381875E+03  2.0578791E-16
 -8.9885479E+03  1.9575253E-16
 -8.9388896E+03  1.8638403E-16
 -8.8892676E+03  1.8309283E-16
 -8.8396094E+03  1.8615542E-16
 -8.7899697E+03  1.9156645E-16
 -8.7403115E+03  1.9553107E-16
 -8.6906709E+03  1.9698715E-16
 -8.6409951E+03  1.9624810E-16
 -8.5913369E+03  1.9336907E-16
 -8.5416787E+03  1.8843469E-16
 -8.4920566E+03  1.8206376E-16
 -8.4424170E+03  1.7480153E-16
 -8.3927588E+03  1.6712619E-16
 -8.3430830E+03  1.6037349E-16
 -8.2934248E+03  1.5679145E-16
 -8.2437852E+03  1.5776187E-16
 -8.1941270E+03  1.6318507E-16
 -8.1444863E+03  1.7235209E-16
 -8.0948286E+03  1.8424796E-16
 -8.0451719E+03  1.9606903E-16
 -7.9955303E+03  2.0192700E-16
 -7.9458730E+03  1.9474672E-16
 -7.8961963E+03  1.7198784E-16
 -7.8465557E+03  1.4010395E-16
 -7.7968984E+03  1.1179098E-16
 -7.7472764E+03  9.7205230E-17
 -7.6976001E+03  9.7582034E-17
 -7.6479419E+03  1.0677253E-16
 -7.5983018E+03  1.1689772E-16
 -7.5486260E+03  1.2258496E-16
 -7.4989683E+03  1.2222434E-16
 -7.4493281E+03  1.1737813E-16
 -7.3996528E+03  1.1164817E-16
 -7.3500298E+03  1.0859571E-16
 -7.3003716E+03  1.0925544E-16
 -7.2506958E+03  1.1203191E-16
 -7.2010557E+03  1.1513704E-16
 -7.1513975E+03  1.1834093E-16
 -7.1017212E+03  1.2214059E-16
 -7.0520640E+03  1.2658080E-16
 -7.0024058E+03  1.3191297E-16
 -6.9527656E+03  1.3864230E-16
 -6.9031255E+03  1.4578633E-16
 -6.8534492E+03  1.5051287E-16
 -6.8037910E+03  1.5042793E-16
 -6.7541162E+03  1.4528120E-16
 -6.7044761E+03  1.3622928E-16
 -6.6547998E+03  1.2461869E-16
 -6.6051416E+03  1.1182342E-16
 -6.5555015E+03  9.9228500E-17
 -6.5058433E+03  8.8095099E-17
 -6.4561675E+03  7.9430951E-17
 -6.4065264E+03  7.4532606E-17
 -6.3568516E+03  7.4906829E-17
 -6.3071938E+03  8.0948331E-17
 -6.2575176E+03  9.0572393E-17
 -6.2078774E+03  9.9986151E-17
 -6.1582188E+03  1.0582493E-16
 -6.1085791E+03  1.0674409E-16
 -6.0589033E+03  1.0407592E-16
 -6.0092275E+03  1.0171023E-16
 -5.9595693E+03  1.0376146E-16
 -5.9098936E+03  1.1105278E-16
 -5.8602534E+03  1.2010595E-16
 -5.8105776E+03  1.2726344E-16
 -5.7609194E+03  1.3305478E-16
 -5.7112793E+03  1.4076793E-16
 -5.6616040E+03  1.5085996E-16
 -5.6119277E+03  1.5945774E-16
 -5.5622876E+03  1.6283541E-16
 -5.5126118E+03  1.6144388E-16
 -5.4629355E+03  1.5915915E-16
 -5.4132954E+03  1.6015127E-16
 -5.3636377E+03  1.6609792E-16
 -5.3139619E+03  1.7540411E-16
 -5.2643037E+03  1.8579342E-16
 -5.2146279E+03  1.9840267E-16
 -5.1649521E+03  2.1706789E-16
 -5.1152939E+03  2.4189763E-16
 -5.0656362E+03  2.6580595E-16
 -5.0159780E+03  2.8044377E-16
 -4.9663198E+03  2.8460903E-16
 -4.9166440E+03  2.8428001E-16
 -4.8669858E+03  2.8579029E-16
 -4.8173101E+03  2.9131647E-16
 -4.7676343E+03  2.9921733E-16
 -4.7179761E+03  3.0614013E-16
 -4.6683003E+03  3.0878803E-16
 -4.6186421E+03  3.0603973E-16
 -4.5690020E+03  3.0047954E-16
 -4.5193262E+03  2.9693868E-16
 -4.4696504E+03  2.9912458E-16
 -4.4199746E+03  3.0707800E-16
 -4.3702983E+03  3.1694506E-16
 -4.3206226E+03  3.2371209E-16
 -4.2709468E+03  3.2524265E-16
 -4.2213066E+03  3.2454613E-16
 -4.1716309E+03  3.2711965E-16
 -4.1219727E+03  3.3597676E-16
 -4.0723147E+03  3.4918356E-16
 -4.0226389E+03  3.6236141E-16
 -3.9729629E+03  3.7281112E-16
 -3.9232874E+03  3.8210697E-16
 -3.8736113E+03  3.9507729E-16
 -3.8239709E+03  4.1565439E-16
 -3.7742949E+03  4.4197369E-16
 -3.7246194E+03  4.6709378E-16
 -3.6749434E+03  4.8548689E-16
 -3.6252673E+03  4.9853940E-16
 -3.5755916E+03  5.1251306E-16
 -3.5259336E+03  5.3198958E-16
 -3.4762578E+03  5.5647942E-16
 -3.4265820E+03  5.8272352E-16
 -3.3769060E+03  6.0720372E-16
 -3.3272300E+03  6.2579366E-16
 -3.2775544E+03  6.3367578E-16
 -3.2278779E+03  6.2999251E-16
 -3.1782202E+03  6.2108199E-16
 -3.1285447E+03  6.1581746E-16
 -3.0788865E+03  6.1880543E-16
 -3.0291926E+03  6.3073837E-16
 -2.9795171E+03  6.5286727E-16
 -2.9298406E+03  6.8733833E-16
 -2.8801650E+03  7.3202832E-16
 -2.8305068E+03  7.7719254E-16
 -2.7808311E+03  8.1066448E-16
 -2.7311372E+03  8.2730470E-16
 -2.6814792E+03  8.3164416E-16
 -2.6318035E+03  8.3095324E-16
 -2.5821274E+03  8.2848896E-16
 -2.5324338E+03  8.2598709E-16
 -2.4827578E+03  8.2800335E-16
 -2.4330999E+03  8.3996335E-16
 -2.3834060E+03  8.6401908E-16
 -2.3337302E+03  9.0005425E-16
 -2.2840723E+03  9.4828261E-16
 -2.2343962E+03  1.0054765E-15
 -2.1847026E+03  1.0609164E-15
 -2.1350266E+03  1.1025813E-15
 -2.0853330E+03  1.1274975E-15
 -2.0356570E+03  1.1425645E-15
 -1.9859810E+03  1.1553131E-15
 -1.9362872E+03  1.1676101E-15
 -1.8866472E+03  1.1793257E-15
 -1.8369714E+03  1.1941639E-15
 -1.7872775E+03  1.2199548E-15
 -1.7376019E+03  1.2648003E-15
 -1.6879082E+03  1.3321052E-15
 -1.6382319E+03  1.4153316E-15
 -1.5885383E+03  1.4965063E-15
 -1.5388804E+03  1.5553994E-15
 -1.4891866E+03  1.5859383E-15
 -1.4395106E+03  1.6018291E-15
 -1.3898169E+03  1.6235991E-15
 -1.3401410E+03  1.6580195E-15
 -1.2904473E+03  1.6921538E-15
 -1.2407893E+03  1.7081494E-15
 -1.1910776E+03  1.7023161E-15
 -1.1414375E+03  1.6874781E-15
 -1.0917438E+03  1.6813727E-15
 -1.0420499E+03  1.6970439E-15
 -9.9237402E+02  1.7389345E-15
 -9.4268036E+02  1.7991977E-15
 -8.9300439E+02  1.8602476E-15
 -8.4331073E+02  1.9065289E-15
 -7.9361694E+02  1.9322857E-15
 -7.4395892E+02  1.9379184E-15
 -6.9426520E+02  1.9258685E-15
 -6.4457141E+02  1.9041714E-15
 -5.9489551E+02  1.8886800E-15
 -5.4520178E+02  1.8943119E-15
 -4.9550803E+02  1.9233734E-15
 -4.4583221E+02  1.9626391E-15
 -3.9613840E+02  1.9926139E-15
 -3.4646249E+02  2.0024263E-15
 -2.9676874E+02  1.9977374E-15
 -2.4709286E+02  1.9923170E-15
 -1.9739911E+02  1.9919667E-15
 -1.4770535E+02  1.9895660E-15
 -9.8011597E+01  1.9739379E-15
 -4.8317841E+01  1.9394215E-15
  1.3223077E+00  1.8873863E-15
  5.1033932E+01  1.8223353E-15
  1.0074555E+02  1.7507205E-15
  1.5042145E+02  1.6809599E-15
  2.0013304E+02  1.6210850E-15
  2.4980893E+02  1.5753172E-15
  2.9952057E+02  1.5435094E-15
  3.4919644E+02  1.5251607E-15
  3.9887231E+02  1.5192860E-15
  4.4854825E+02  1.5213849E-15
  4.9825986E+02  1.5243653E-15
  8.7095410E+02        0.0E+00
  1.2436483E+03  1.0914911E-15
  1.2933600E+03  1.0831593E-15
  1.3430356E+03  1.0729348E-15
  1.3927832E+03  1.0647074E-15
  1.4424591E+03  1.0596243E-15
  1.4921707E+03  1.0524222E-15
  1.5418466E+03  1.0355093E-15
  1.5915222E+03  1.0081342E-15
  1.6412343E+03  9.7926506E-16
  1.6909457E+03  9.5902140E-16
  1.7406216E+03  9.4652311E-16
  1.7903331E+03  9.2986451E-16
  1.8400448E+03  8.9933723E-16
  1.8897565E+03  8.5822506E-16
  1.9394324E+03  8.2141131E-16
  1.9891439E+03  8.0480560E-16
  2.0388201E+03  8.1353094E-16
  2.0885315E+03  8.3673461E-16
  2.1382432E+03  8.5484863E-16
  2.1879548E+03  8.5328119E-16
  2.2376306E+03  8.2994734E-16
  2.2873423E+03  7.9292739E-16
  2.3370181E+03  7.5397738E-16
  2.3867297E+03  7.2276395E-16
  2.4364414E+03  7.0451087E-16
  2.4861172E+03  7.0018237E-16
  2.5358645E+03  7.0808603E-16
  2.5855405E+03  7.2318932E-16
  2.6352522E+03  7.3540009E-16
  2.6849639E+03  7.3330729E-16
  2.7346396E+03  7.1274651E-16
  2.7843513E+03  6.7927844E-16
  2.8340630E+03  6.4202710E-16
  2.8837744E+03  6.0828019E-16
  2.9334861E+03  5.8348558E-16
  2.9831978E+03  5.7123558E-16
  3.0329094E+03  5.7062863E-16
  3.0825854E+03  5.7531177E-16
  3.1322964E+03  5.7728631E-16
  3.1820085E+03  5.7205344E-16
  3.2317202E+03  5.6072840E-16
  3.2814312E+03  5.4781051E-16
  3.3311433E+03  5.3642755E-16
  3.3808547E+03  5.2658964E-16
  3.4305312E+03  5.1815499E-16
  3.4802427E+03  5.1294372E-16
  3.5299539E+03  5.1295214E-16
  3.5796658E+03  5.1687115E-16
  3.6293774E+03  5.1949775E-16
  3.6790894E+03  5.1607960E-16
  3.7288005E+03  5.0723118E-16
  3.7785120E+03  4.9852034E-16
  3.8282239E+03  4.9462886E-16
  3.8779353E+03  4.9440964E-16
  3.9276472E+03  4.9149664E-16
  3.9773586E+03  4.7912837E-16
  4.0270710E+03  4.5542712E-16
  4.0767817E+03  4.2567032E-16
  4.1264937E+03  3.9884325E-16
  4.1762051E+03  3.8101755E-16
  4.2259170E+03  3.7190403E-16
  4.2756284E+03  3.6775841E-16
  4.3253403E+03  3.6635964E-16
  4.3750518E+03  3.6864078E-16
  4.4247632E+03  3.7651814E-16
  4.4744751E+03  3.9054498E-16
  4.5242222E+03  4.0868432E-16
  4.5739341E+03  4.2556240E-16
  4.6236099E+03  4.3381629E-16
  4.6733213E+03  4.2797888E-16
  4.7230688E+03  4.0782799E-16
  4.7727803E+03  3.7813070E-16
  4.8224922E+03  3.4692111E-16
  4.8722036E+03  3.2429014E-16
  4.9219155E+03  3.1759027E-16
  4.9716626E+03  3.2430425E-16
  5.0213740E+03  3.3299486E-16
  5.0710854E+03  3.3375028E-16
  5.1207974E+03  3.2492613E-16
  5.1705093E+03  3.0938985E-16
  5.2202207E+03  2.8924259E-16
  5.2699688E+03  2.6624900E-16
  5.3196802E+03  2.4442684E-16
  5.3693916E+03  2.2875123E-16
  5.4191030E+03  2.2172390E-16
  5.4688145E+03  2.2193077E-16
  5.5185620E+03  2.2639520E-16
  5.5682734E+03  2.3342550E-16
  5.6179854E+03  2.4251289E-16
  5.6677324E+03  2.5218376E-16
  5.7174443E+03  2.5891118E-16
  5.7671558E+03  2.5905531E-16
  5.8169033E+03  2.5226947E-16
  5.8666147E+03  2.4296931E-16
  5.9163267E+03  2.3699077E-16
  5.9660737E+03  2.3564621E-16
  6.0157861E+03  2.3273718E-16
  6.0655327E+03  2.2009002E-16
  6.1152446E+03  1.9777290E-16
  6.1649561E+03  1.7688841E-16
  6.2146675E+03  1.7017015E-16
  6.2644146E+03  1.7985145E-16
  6.3141265E+03  1.9508274E-16
  6.3638740E+03  2.0099630E-16
  6.4135854E+03  1.9053199E-16
  6.4633330E+03  1.6873149E-16
  6.5130444E+03  1.4662613E-16
  6.5627559E+03  1.3239816E-16
  6.6125034E+03  1.2813471E-16
  6.6622158E+03  1.3159488E-16
  6.7119629E+03  1.3899103E-16
  6.7616748E+03  1.4696229E-16
  6.8114219E+03  1.5479100E-16
  6.8611689E+03  1.6464540E-16
  6.9108442E+03  1.7765178E-16
  6.9605923E+03  1.9014009E-16
  7.0103408E+03  1.9602288E-16
  7.0600518E+03  1.9298477E-16
  7.1097983E+03  1.8437115E-16
  7.1595459E+03  1.7547694E-16
  7.2092935E+03  1.6948969E-16
  7.2590039E+03  1.6643464E-16
  7.3087173E+03  1.6375836E-16
  7.3584639E+03  1.5749981E-16
  7.4082114E+03  1.4481255E-16
  7.4579233E+03  1.2736492E-16
  7.5076709E+03  1.1161419E-16
  7.5574180E+03  1.0407388E-16
  7.6071294E+03  1.0590430E-16
  7.6568408E+03  1.1238943E-16
  7.7065884E+03  1.1732727E-16
  7.7563359E+03  1.1818344E-16
  7.8060830E+03  1.1800140E-16
  7.8557944E+03  1.2255499E-16
  7.9055430E+03  1.3440494E-16
  7.9552896E+03  1.4920947E-16
  8.0050361E+03  1.5888112E-16
  8.0547476E+03  1.5885654E-16
  8.1044971E+03  1.5128040E-16
  8.1542446E+03  1.4125274E-16
  8.2039551E+03  1.3229418E-16
  8.2537373E+03  1.2568485E-16
  8.3034854E+03  1.2156080E-16
  8.3531963E+03  1.1880053E-16
  8.4029443E+03  1.1541854E-16
  8.4526553E+03  1.1075962E-16
  8.5024033E+03  1.0589448E-16
  8.5521504E+03  1.0088788E-16
  8.6018975E+03  9.3331265E-17
  8.6516455E+03  8.1108619E-17
  8.7013926E+03  6.6129457E-17
  8.7511396E+03  5.4164445E-17
  8.8008877E+03  4.9935636E-17
  8.8505986E+03  5.3190800E-17
  8.9003467E+03  6.0014362E-17
  8.9501289E+03  6.6430392E-17
  8.9998408E+03  6.9503844E-17
  9.0495879E+03  6.6954103E-17
  9.0993711E+03  5.8694116E-17
  9.1490830E+03  4.8854313E-17
  9.1988301E+03  4.3971244E-17
  9.2485781E+03  4.8289603E-17
  9.2983252E+03  5.9673240E-17
  9.3480723E+03  6.9755195E-17
  9.3978203E+03  6.9560821E-17
  9.4475674E+03  5.7181037E-17
  9.4973145E+03  3.9454583E-17
  9.5470615E+03  2.5127219E-17
  9.5968096E+03  1.8288164E-17
  9.6465566E+03  1.8859660E-17
  9.6963037E+03  2.6008140E-17
  9.7460518E+03  3.8351286E-17
  9.7957988E+03  5.2384485E-17
  9.8455820E+03  6.3276068E-17
  9.8953291E+03  6.7706202E-17
  9.9450410E+03  6.5963273E-17
  9.9948242E+03  6.1884300E-17
  1.0044571E+04  5.9761417E-17
  1.0094318E+04  5.9986040E-17
  1.0144066E+04  5.8515650E-17
  1.0193849E+04  5.2066387E-17
  1.0243597E+04  4.3872207E-17
  1.0293308E+04  4.2530358E-17
  1.0343090E+04  5.3924357E-17
  1.0392839E+04  7.5090913E-17
  1.0442622E+04  9.6620605E-17
  1.0492333E+04  1.0989399E-16
  1.0542116E+04  1.1156675E-16
  1.0591863E+04  1.0289162E-16
  1.0641646E+04  8.7680874E-17
  1.0691357E+04  7.0514606E-17
  1.0741142E+04  5.5584645E-17
  1.0790890E+04  4.6816854E-17
  1.0840672E+04  4.7808392E-17
  1.0890420E+04  5.9958107E-17
  1.0940202E+04  7.9571314E-17
  1.0989949E+04  9.8166830E-17
  1.1039697E+04  1.0813086E-16
  1.1089444E+04  1.0903771E-16
  1.1139228E+04  1.0767462E-16
  1.1188975E+04  1.1052166E-16
  1.1238723E+04  1.1724974E-16
  1.1288506E+04  1.2249724E-16
  1.1338253E+04  1.2203306E-16
