2884
3852
6269

6282

6282

6891


8086

8922

8922

8922

8922

9092

10235

10712

19773

19776

19776

19776

19776

20175

20307

20380

20380

20380

20380

20380

20380

20380

20380

20380

20380

20380

20380

20380

20380

20380

20380

20380

20380

20380

20380

20380

20380

20380

20380

20380

20380

23453

23607

23607

23607

23607

23607

23859

23891

28601

28601

28601

28601

28601

28601

28601

28601

28601

28601

28601

28601

28601

28601

28940

28940

28940

28945

28945

28945

28954

28954

28954

28954

28956

28956

28957

30022

30852

30853

31558

32278

32278

32278

